   1.6096297e-01
   1.3541350e-01
   1.7133360e-01
   1.8449420e-01
   2.0339600e-01
   2.5381948e-01
   1.8697294e-01
   2.3736296e-01
   2.0011028e-01
   1.9064768e-01
   2.2641680e-01
   2.7905419e-01
   1.6987631e-01
   2.7551886e-01
   1.2797370e-01
   1.6891839e-01
   2.3335392e-01
   1.4821960e-01
   2.5151989e-01
   2.2329845e-01
   2.1062827e-01
   9.9185267e-02
   1.6421116e-01
   1.4088432e-01
   1.9210509e-01
   1.9973323e-01
   2.5901136e-01
   2.2549014e-01
   1.5493163e-01
   2.2035536e-01
   1.5965741e-01
   2.4943035e-01
   1.4145791e-01
   2.2690700e-01
   1.9593103e-01
   2.0298483e-01
   2.4047688e-01
   2.9280717e-01
   2.9709544e-01
   1.4011779e-01
   1.4189856e-01
   2.0985550e-01
   2.0516110e-01
   2.7271285e-01
   2.3866353e-01
   1.9680054e-01
   2.0757888e-01
   1.8444160e-01
   3.1679205e-01
   2.2365553e-01
   2.2098474e-01
   1.7975303e-01
   1.2713611e-01
   1.6543014e-01
   2.6288618e-01
   1.3919658e-01
   1.1747559e-01
   2.8198289e-01
   1.6769512e-01
   1.6136022e-01
   2.2193305e-01
   1.7668149e-01
   2.2964722e-01
   2.5008345e-01
   1.5734076e-01
   1.6279123e-01
   2.2454838e-01
   3.6053642e-01
   3.1153365e-01
   2.0960686e-01
   1.2972359e-01
   1.0398498e-01
   1.8724038e-01
   2.1917607e-01
   2.1026866e-01
   2.1015185e-01
   2.5101514e-01
   2.5118438e-01
   2.5359402e-01
   2.0401859e-01
   2.2747585e-01
   2.1548038e-01
   1.7583158e-01
   1.6156854e-01
   1.8523213e-01
   2.2573182e-01
   1.7668200e-01
   1.8126635e-01
   1.7198391e-01
   1.5746196e-01
   2.0790678e-01
   1.6673486e-01
   1.4498724e-01
   2.4603635e-01
   2.4258655e-01
   2.2445417e-01
   1.6041226e-01
   1.8986239e-01
   1.6680246e-01
   1.4573012e-01
   1.7794164e-01
   2.4634245e-01
   1.9847920e-01
   2.4488861e-01
   1.7613060e-01
   1.6865916e-01
   1.8549366e-01
   1.6812454e-01
   1.8147331e-01
   2.1039067e-01
   1.8908990e-01
   1.2132708e-01
   2.0375669e-01
   1.3063980e-01
   2.0274389e-01
   1.8136590e-01
   2.1874160e-01
   1.5942496e-01
   1.5710839e-01
   9.4122482e-02
   1.4804370e-01
   1.2580638e-01
   1.6650516e-01
   1.1303054e-01
   1.8399378e-01
   2.0793822e-01
   1.6303732e-01
   2.0222579e-01
   2.1908085e-01
   1.7350322e-01
   1.4388976e-01
   1.9163035e-01
   2.3626597e-01
   1.7461434e-01
   1.6907833e-01
   1.5024178e-01
   2.6317947e-01
   1.3779128e-01
   1.9151858e-01
   1.2297906e-01
   2.0781748e-01
   1.7192871e-01
   2.6035551e-01
   2.2766042e-01
   1.8703346e-01
   1.9758483e-01
   1.9216568e-01
   1.7380782e-01
   1.0383214e-01
   2.1278529e-01
   1.6133326e-01
   1.8724498e-01
   2.3045132e-01
   2.2464026e-01
   1.7747137e-01
   2.6219916e-01
   2.6049227e-01
   2.6633524e-01
   1.4250802e-01
   1.6614497e-01
   1.6708034e-01
   1.5168318e-01
   2.0363384e-01
   1.4702185e-01
   9.1269401e-02
   1.9398032e-01
   1.9835690e-01
   2.4810591e-01
   2.1592069e-01
   2.2097750e-01
   2.1088592e-01
   1.9078909e-01
   1.9433764e-01
   1.7192416e-01
   1.6374998e-01
   2.9344733e-01
   1.8752822e-01
   2.5039742e-01
   2.5920545e-01
   1.9683492e-01
   1.1491653e-01
   2.0138891e-01
   1.6935196e-01
   1.5575182e-01
   1.4090182e-01
   1.6034226e-01
   1.6572933e-01
   1.7149291e-01
   1.8806272e-01
   1.6358430e-01
   1.9872908e-01
   1.4246787e-01
   1.6176270e-01
   2.2294867e-01
   1.7229453e-01
   1.6770696e-01
   1.7074017e-01
   1.8877536e-01
   2.5319246e-01
   2.2988090e-01
   2.3328005e-01
   2.4941841e-01
   2.0495636e-01
   2.2979530e-01
   2.0681926e-01
   2.4279347e-01
   1.8236653e-01
   1.7152171e-01
   2.1979972e-01
   1.7247328e-01
   2.7877681e-01
   2.3195108e-01
   1.9285671e-01
   2.0470386e-01
   1.8310884e-01
   2.1096963e-01
   1.2007326e-01
   1.6171169e-01
   2.5321383e-01
   1.6288992e-01
   1.7495108e-01
   2.0322080e-01
   1.6529099e-01
   1.7348454e-01
   1.6268161e-01
   1.9021674e-01
   2.1799941e-01
   2.1618891e-01
   2.1950896e-01
   2.1506063e-01
   2.3400956e-01
   2.1808773e-01
   1.9415569e-01
   2.4605220e-01
   1.8609218e-01
   2.2821814e-01
   2.7306212e-01
   1.5674388e-01
   1.9759727e-01
   2.2631481e-01
   1.3438486e-01
   1.6586710e-01
   2.0485450e-01
   2.2386828e-01
   1.6874177e-01
   2.2931437e-01
   2.1732487e-01
   1.9664884e-01
   2.7062908e-01
   1.6541824e-01
   2.0249920e-01
   1.7490238e-01
   2.3433083e-01
   1.7905326e-01
   1.1506286e-01
   1.8129552e-01
   1.8511251e-01
   1.2112908e-01
   1.9205201e-01
   2.0226841e-01
   1.8564124e-01
   1.6557143e-01
   1.7877398e-01
   2.0518802e-01
   2.7742897e-01
   2.3894927e-01
   2.2303613e-01
   1.4800285e-01
   1.9190770e-01
   1.8361096e-01
   1.5458882e-01
   2.6295707e-01
   2.3672259e-01
   2.0459780e-01
   2.2627527e-01
   1.9274210e-01
   1.8868586e-01
   1.5845598e-01
   2.3887037e-01
   2.0834272e-01
   2.0377461e-01
   2.6583163e-01
   1.9357753e-01
   2.2350996e-01
   2.0220141e-01
   1.2193872e-01
   1.8287142e-01
   1.7977352e-01
   2.0657732e-01
   2.1765003e-01
   1.7151448e-01
   2.2536635e-01
   2.0605317e-01
   2.0515961e-01
   1.8098841e-01
   2.0064046e-01
   2.3123659e-01
   2.1493887e-01
   2.5232539e-01
   2.6161210e-01
   2.2932413e-01
   1.5590431e-01
   1.4567647e-01
   2.8744665e-01
   2.2248825e-01
   2.6990202e-01
   2.0987216e-01
   1.9553187e-01
   1.3225225e-01
   2.2276924e-01
   2.0491592e-01
   1.9061123e-01
   1.9668218e-01
   2.4498880e-01
   2.1961122e-01
   1.5244348e-01
   2.1775119e-01
   1.7307010e-01
   2.1998309e-01
   2.6228571e-01
   2.2781758e-01
   1.2632692e-01
   1.7453482e-01
   1.3258851e-01
   2.0517167e-01
   1.6945522e-01
   2.0298664e-01
   1.8835237e-01
   1.6184507e-01
   2.3411787e-01
   1.8228436e-01
   2.4065331e-01
   1.7055016e-01
   2.0277722e-01
   2.6109389e-01
   2.9840012e-01
   2.4217502e-01
   1.8687502e-01
   2.0618089e-01
   1.4386966e-01
   2.2279859e-01
   1.6748818e-01
   1.3470267e-01
   1.8055937e-01
   2.2469137e-01
   1.1625845e-01
   2.2995632e-01
   1.8777633e-01
   2.6139361e-01
   2.3008641e-01
   2.1744946e-01
   1.8003297e-01
   2.4718801e-01
   2.1955005e-01
   1.8142795e-01
   2.5367444e-01
   2.2604137e-01
   2.4544860e-01
   2.0726491e-01
   1.4332844e-01
   1.8873768e-01
   1.8457701e-01
   1.8041676e-01
   2.3717433e-01
   2.8921333e-01
   1.6042748e-01
   2.0366657e-01
   1.8640054e-01
   2.0004729e-01
   2.0962194e-01
   1.5622153e-01
   2.0470556e-01
   2.5546104e-01
   1.7475593e-01
   1.8013449e-01
   2.3889220e-01
   2.0886870e-01
   1.8254912e-01
   1.8850233e-01
   2.1785565e-01
   1.1874210e-01
   1.4602270e-01
   2.3047316e-01
   1.6488048e-01
   2.3780001e-01
   1.3776162e-01
   1.3126863e-01
   2.4176987e-01
   2.2626779e-01
   1.2841800e-01
   1.2497170e-01
   1.8064647e-01
   1.7987860e-01
   1.5223953e-01
   1.4797034e-01
   2.0851122e-01
   1.8345235e-01
   9.1737626e-02
   2.1555242e-01
   2.8551798e-01
   2.2153097e-01
   1.9214166e-01
   3.3210132e-01
   1.9199488e-01
   1.5853008e-01
   1.9856862e-01
   2.2981074e-01
   1.7799525e-01
   2.2286547e-01
   1.9566876e-01
   1.0908104e-01
   1.5072411e-01
   9.7721852e-02
   2.2334434e-01
   2.5547476e-01
   2.5620505e-01
   1.4321769e-01
   1.7894929e-01
   2.8166177e-01
   1.5361077e-01
   2.1126744e-01
   2.1546620e-01
   1.6958136e-01
   2.1913716e-01
   1.9035220e-01
   2.4456118e-01
   2.1856210e-01
   1.8875771e-01
   1.9419358e-01
   1.4988775e-01
   1.7034738e-01
   2.5595565e-01
   2.5823962e-01
   2.5735545e-01
   1.3718978e-01
   1.4366969e-01
   1.5287757e-01
   2.4947659e-01
   2.2762300e-01
   2.6583041e-01
   2.6372478e-01
   2.5332032e-01
   2.5293453e-01
   2.3667718e-01
   1.6867293e-01
   1.8346295e-01
   2.7078634e-01
   2.2896805e-01
   2.5374069e-01
   2.3086657e-01
   2.9659637e-01
   2.7946625e-01
   2.6333528e-01
   2.7673299e-01
   2.6139525e-01
   2.5213051e-01
   2.7430857e-01
   2.7447598e-01
   2.6659742e-01
   3.0298628e-01
   2.3395164e-01
   2.6918581e-01
   2.5058791e-01
   2.8338685e-01
   2.8789384e-01
   2.4232874e-01
   2.7255654e-01
   2.1703422e-01
   2.7145490e-01
   2.6182499e-01
   2.1788477e-01
   2.5428447e-01
   2.1482967e-01
   2.7341282e-01
   2.1718239e-01
   1.2490482e-01
   2.7928457e-01
   2.6983387e-01
   2.5413704e-01
   2.4557964e-01
   2.8136778e-01
   2.7680566e-01
   2.4811364e-01
   2.7874682e-01
   2.3249074e-01
   2.4719103e-01
   2.8296339e-01
   2.2779740e-01
   2.5282270e-01
   2.2121310e-01
   2.4990387e-01
   2.7701641e-01
   2.9321676e-01
   2.8738946e-01
   3.2798466e-01
   2.5681300e-01
   2.9896860e-01
   1.6233858e-01
   2.3715134e-01
   1.8608785e-01
   2.4552642e-01
   2.6497101e-01
   2.0245194e-01
   2.3519777e-01
   3.3199154e-01
   2.3775975e-01
   2.2355911e-01
   1.8953517e-01
   2.6222118e-01
   2.0700903e-01
   2.6632349e-01
   2.2793407e-01
   2.4339577e-01
   1.7914704e-01
   2.7330721e-01
   2.8426943e-01
   2.4206377e-01
   2.4709393e-01
   2.3583506e-01
   3.0016987e-01
   2.8703710e-01
   2.6731056e-01
   2.5684707e-01
   2.2528171e-01
   2.1186562e-01
   3.0720697e-01
   2.6319548e-01
   2.6561440e-01
   2.7348995e-01
   2.8601895e-01
   2.5796006e-01
   2.7985477e-01
   2.6432516e-01
   2.5419359e-01
   2.8230500e-01
   2.3890741e-01
   2.9938550e-01
   2.4111511e-01
   2.2603401e-01
   3.1967328e-01
   2.0727236e-01
   2.8297904e-01
   2.4484484e-01
   2.3781295e-01
   2.6936613e-01
   2.7453132e-01
   2.5235277e-01
   2.8355805e-01
   2.2372160e-01
   2.6553059e-01
   2.4375208e-01
   3.3313493e-01
   2.9710109e-01
   2.5880319e-01
   3.1864608e-01
   2.4899532e-01
   3.3339876e-01
   2.1776527e-01
   2.6403528e-01
   2.0220270e-01
   3.0483129e-01
   2.4786357e-01
   3.1545542e-01
   2.6752080e-01
   2.6973263e-01
   2.8338180e-01
   2.6049119e-01
   2.7845855e-01
   2.5127308e-01
   2.5923423e-01
   3.1397821e-01
   2.5760422e-01
   2.1966504e-01
   1.7452451e-01
   1.8969182e-01
   2.6960953e-01
   2.7382140e-01
   2.9005057e-01
   2.9833754e-01
   2.8841873e-01
   2.8370365e-01
   2.8092665e-01
   2.4926784e-01
   2.9418463e-01
   2.9456822e-01
   3.0906172e-01
   2.7125355e-01
   2.9739791e-01
   2.6157619e-01
   2.4279439e-01
   2.8992285e-01
   2.2084219e-01
   2.1741769e-01
   1.8808806e-01
   1.8651938e-01
   2.3151525e-01
   2.6011796e-01
   2.4444334e-01
   2.1058338e-01
   1.9561828e-01
   2.1540049e-01
   1.9804254e-01
   1.6249242e-01
   2.5832733e-01
   1.9002366e-01
   2.6436146e-01
   1.8846619e-01
   2.0558534e-01
   1.9114110e-01
   2.9599089e-01
   2.0819854e-01
   2.1841558e-01
   2.1708719e-01
   1.9493120e-01
   1.7705523e-01
   1.8094958e-01
   1.8502594e-01
   2.4595311e-01
   2.1022920e-01
   2.0151854e-01
   2.6858074e-01
   2.5987256e-01
   2.4973642e-01
   2.0245673e-01
   2.5264279e-01
   2.7840543e-01
   1.8261172e-01
   2.3991004e-01
   2.5045273e-01
   2.4140848e-01
   2.9536024e-01
   2.2926590e-01
   2.5123407e-01
   2.8913017e-01
   2.6242660e-01
   2.7363554e-01
   2.6231842e-01
   2.8208434e-01
   2.5933819e-01
   2.7618901e-01
   2.6252640e-01
   2.3310470e-01
   2.1914126e-01
   2.6243264e-01
   2.1892641e-01
   2.0069437e-01
   1.8251525e-01
   2.1903991e-01
   2.1599372e-01
   2.6306290e-01
   2.3432706e-01
   2.4853358e-01
   1.9939107e-01
   2.3797405e-01
   2.2782839e-01
   2.2113096e-01
   2.2988555e-01
   2.7447577e-01
   2.4812921e-01
   1.6914309e-01
   2.2183195e-01
   2.2480594e-01
   2.3748940e-01
   1.9584738e-01
   2.0875260e-01
   1.8206191e-01
   1.6032603e-01
   2.3267204e-01
   1.9472732e-01
   1.7961994e-01
   2.1089904e-01
   2.3509628e-01
   2.3194629e-01
   2.3161057e-01
   1.6600032e-01
   2.1843871e-01
   2.1250905e-01
   2.2131259e-01
   2.1891648e-01
   2.0283242e-01
   1.4319393e-01
   1.9389248e-01
   1.8734842e-01
   1.4044899e-01
   1.3915309e-01
   2.1231684e-01
   3.3569119e-01
   2.3104870e-01
   2.0362365e-01
   2.2122875e-01
   2.0325582e-01
   2.1445736e-01
   1.7793661e-01
   2.1173340e-01
   1.0009367e-01
   1.9269789e-01
   1.7266232e-01
   1.6379670e-01
   1.8220448e-01
   1.9690487e-01
   1.6142050e-01
   1.5386501e-01
   2.3106834e-01
   2.5626403e-01
   2.0541557e-01
   2.0223031e-01
   1.9694164e-01
   2.1196699e-01
   2.1051468e-01
   1.9591847e-01
   1.2127691e-01
   2.2555841e-01
   1.9049547e-01
   1.8991552e-01
   2.2737240e-01
   1.7159890e-01
   1.6714186e-01
   2.7772761e-01
   1.4637622e-01
   2.6696772e-01
   2.6388663e-01
   2.3656726e-01
   2.3384391e-01
   2.1537870e-01
   1.5683373e-01
   2.5460446e-01
   1.6526234e-01
   2.0221912e-01
   2.4259671e-01
   2.2426934e-01
   2.6185036e-01
   2.3528879e-01
   1.5067944e-01
   1.9923579e-01
   2.1173553e-01
   2.0514559e-01
   2.7133140e-01
   1.6149862e-01
   2.3077726e-01
   2.5484757e-01
   2.5459692e-01
   1.8287573e-01
   3.2384442e-01
   2.5722068e-01
   2.2494304e-01
   2.5256673e-01
   2.5381193e-01
   2.0900891e-01
   2.5771220e-01
   2.6696092e-01
   2.7963107e-01
   2.1643389e-01
   2.5272297e-01
   2.4994299e-01
   2.1964656e-01
   2.6216921e-01
   2.4344445e-01
   1.9526855e-01
   1.7594761e-01
   2.5462977e-01
   2.2049196e-01
   2.7068008e-01
   2.3529719e-01
   2.2311059e-01
   3.0481080e-01
   2.8077954e-01
   2.4719422e-01
   2.0845863e-01
   2.4435133e-01
   2.1783047e-01
   2.1864589e-01
   1.6166687e-01
   2.2026800e-01
   2.5612265e-01
   2.3369373e-01
   1.9855378e-01
   2.3978519e-01
   2.4031500e-01
   2.0905993e-01
   2.8250964e-01
   2.4402480e-01
   2.5210111e-01
   1.8868068e-01
   2.7422107e-01
   2.7769023e-01
   2.4548068e-01
   2.1433899e-01
   2.1853316e-01
   1.7704495e-01
   2.3638937e-01
   1.5051926e-01
   2.4673102e-01
   1.9410754e-01
   2.0536300e-01
   2.5760649e-01
   2.9950711e-01
   2.2918593e-01
   1.8371348e-01
   2.0035101e-01
   2.3030511e-01
   2.3458730e-01
   1.8337339e-01
   1.9273056e-01
   1.6301924e-01
   2.7742498e-01
   2.6801367e-01
   2.3559130e-01
   2.4431658e-01
   2.3138062e-01
   1.9590380e-01
   2.0423885e-01
   2.7039854e-01
   2.4735038e-01
   2.4842805e-01
   2.7249774e-01
   2.7989513e-01
   2.3423604e-01
   2.1589949e-01
   2.0776980e-01
   1.8163131e-01
   1.7531163e-01
   1.6836077e-01
   2.5057061e-01
   2.6376518e-01
   2.4868339e-01
   1.3349095e-01
   2.5407796e-01
   2.1544735e-01
   1.8759523e-01
   1.9664616e-01
   1.5867320e-01
   2.0101755e-01
   2.1430261e-01
   2.6233913e-01
   2.4425590e-01
   1.9432058e-01
   2.3097094e-01
   2.0477268e-01
   2.1718980e-01
   2.3268282e-01
   2.4207704e-01
   1.9354699e-01
   2.4878755e-01
   2.4688526e-01
   2.5548043e-01
   2.5337129e-01
   2.6164958e-01
   2.6603231e-01
   2.8350535e-01
   2.1794360e-01
   2.5543272e-01
   3.0177647e-01
   2.3271473e-01
   1.7823592e-01
   2.3205821e-01
   1.8829436e-01
   1.8551872e-01
   1.8730328e-01
   2.2718463e-01
   1.8414310e-01
   1.8129528e-01
   1.8632718e-01
   2.6462991e-01
   2.2992580e-01
   1.7040672e-01
   2.0123564e-01
   1.8784062e-01
   2.0027740e-01
   1.6252164e-01
   1.9509964e-01
   1.7228419e-01
   1.7459135e-01
   1.1551263e-01
   2.0124253e-01
   1.1848738e-01
   2.1969466e-01
   2.5941498e-01
   1.7716785e-01
   2.0157101e-01
   2.7102300e-01
   2.0486598e-01
   2.1758511e-01
   2.0211369e-01
   1.6950683e-01
   2.2357416e-01
   1.9251200e-01
   2.3747819e-01
   2.1067625e-01
   2.0540131e-01
   2.4100401e-01
   1.3604436e-01
   2.2004392e-01
   2.4736213e-01
   2.5920524e-01
   2.3724560e-01
   2.2941531e-01
   2.1487086e-01
   2.8373031e-01
   3.0096146e-01
   2.1551819e-01
   2.0357505e-01
   2.6974896e-01
   1.5950653e-01
   2.4909438e-01
   1.6382764e-01
   2.1191938e-01
   2.8208154e-01
   2.1703760e-01
   1.3525921e-01
   2.9781140e-01
   2.0364314e-01
   1.5125115e-01
   1.8850626e-01
   1.6817050e-01
   2.1766349e-01
   1.9261161e-01
   1.6397655e-01
   2.4142889e-01
   2.0819768e-01
   1.9627401e-01
   1.9838944e-01
   1.8419044e-01
   2.2128047e-01
   2.6085674e-01
   2.0297080e-01
   1.7715264e-01
   2.8675323e-01
   1.9391797e-01
   2.2259983e-01
   2.2848118e-01
   1.9670507e-01
   2.1310030e-01
   2.1339628e-01
   1.4630966e-01
   2.0897967e-01
   1.4880453e-01
   2.1901543e-01
   2.6719387e-01
   1.7931910e-01
   1.8155348e-01
   2.4676799e-01
   1.4115768e-01
   2.1431880e-01
   2.0054222e-01
   2.2474925e-01
   1.9015985e-01
   2.0288160e-01
   2.0387847e-01
   1.7580697e-01
   1.3348652e-01
   1.3641339e-01
   1.9897968e-01
   2.1696301e-01
   2.3206225e-01
   1.7790687e-01
   1.3933853e-01
   1.4176366e-01
   2.0458805e-01
   1.9734773e-01
   2.1123835e-01
   1.6343234e-01
   1.9221926e-01
   2.0109616e-01
   1.6449491e-01
   2.4597175e-01
   2.6527674e-01
   2.0861624e-01
   1.5118406e-01
   1.9505156e-01
   1.7752232e-01
   1.8593270e-01
   1.9146444e-01
   2.0556831e-01
   2.5117776e-01
   2.4424333e-01
   1.9156764e-01
   2.5630239e-01
   2.2498268e-01
   2.3554879e-01
   2.2939389e-01
   2.2410661e-01
   2.5099273e-01
   1.8222182e-01
   1.8977188e-01
   2.2813431e-01
   1.6378021e-01
   1.7060976e-01
   2.1991108e-01
   1.7157230e-01
   2.8475073e-01
   2.4795890e-01
   2.4948085e-01
   1.4676623e-01
   2.7889817e-01
   2.5845203e-01
   2.0193527e-01
   2.0105934e-01
   2.0742178e-01
   2.8125344e-01
   2.0476974e-01
   2.2853341e-01
   2.1162683e-01
   2.3100548e-01
   2.2982561e-01
   1.5153416e-01
   2.8616981e-01
   1.9552946e-01
   1.4294579e-01
   1.6889279e-01
   1.7507867e-01
   1.6277956e-01
   2.1985365e-01
   1.8872048e-01
   1.3554518e-01
   1.9969744e-01
   1.5808056e-01
   1.3661767e-01
   1.7258862e-01
   2.0884679e-01
   2.3694094e-01
   1.9666626e-01
   1.7360490e-01
   3.1826998e-01
   2.6405664e-01
   2.1206863e-01
   2.7559439e-01
   1.5993527e-01
   1.7716442e-01
   1.7506848e-01
   1.6201227e-01
   2.2053279e-01
   2.0560892e-01
   2.4009086e-01
   2.5587720e-01
   2.3480096e-01
   1.7311389e-01
   2.1788029e-01
   2.5537817e-01
   2.4961095e-01
   2.2612706e-01
   2.6003247e-01
   2.5420474e-01
   2.4216735e-01
   2.2938497e-01
   1.6670161e-01
   2.3499792e-01
   2.4778130e-01
   2.7445912e-01
   3.0104276e-01
   3.0098478e-01
   3.0275778e-01
   2.1040327e-01
   2.5335601e-01
   1.4731698e-01
   2.3265208e-01
   2.6306712e-01
   2.4636441e-01
   2.1936287e-01
   2.2834376e-01
   3.0152850e-01
   2.5659600e-01
   1.9254585e-01
   2.8718864e-01
   1.1711982e-01
   1.7731055e-01
   2.2009322e-01
   2.1660151e-01
   2.5361865e-01
   2.2163684e-01
   1.9125583e-01
   2.0519501e-01
   1.9799452e-01
   2.0523451e-01
   2.2554140e-01
   1.1782008e-01
   2.5466603e-01
   2.4781738e-01
   2.4298756e-01
   2.4787340e-01
   2.2214045e-01
   1.7664004e-01
   1.3440027e-01
   1.9415616e-01
   1.9942474e-01
   1.3015689e-01
   2.3275452e-01
   2.3580510e-01
   2.3342092e-01
   1.2527551e-01
   1.9552172e-01
   1.9838873e-01
   2.1141539e-01
   2.0309411e-01
   2.1222384e-01
   1.9650943e-01
   1.9421190e-01
   1.4475910e-01
   2.3275422e-01
   2.2150189e-01
   1.9773674e-01
   2.7581376e-01
   2.3802173e-01
   1.6656067e-01
   1.5775575e-01
   2.4809579e-01
   2.2143471e-01
   1.9983458e-01
   2.0944916e-01
   2.0313176e-01
   2.4246603e-01
   2.3869203e-01
   2.5133957e-01
   1.9781029e-01
   2.0891124e-01
   2.2561830e-01
   2.3964369e-01
   2.3707657e-01
   2.3554451e-01
   2.3914221e-01
   1.9457194e-01
   2.3258952e-01
   2.4427081e-01
   1.6344723e-01
   1.8091441e-01
   2.1799539e-01
   2.3431921e-01
   2.3328363e-01
   2.7935034e-01
   2.0348429e-01
   2.2500310e-01
   2.9556672e-01
   2.3939220e-01
   2.2174171e-01
   2.0548774e-01
   2.3504515e-01
   1.8897149e-01
   1.9781748e-01
   1.7988084e-01
   2.7181289e-01
   3.2819292e-01
   2.8211114e-01
   3.0221719e-01
   2.7481281e-01
   2.3263995e-01
   2.2187337e-01
   1.6839784e-01
   2.1984964e-01
   2.7291720e-01
   2.4827186e-01
   2.6361198e-01
   2.8155427e-01
   1.7943186e-01
   2.8091067e-01
   2.3182635e-01
   2.6551453e-01
   2.4238738e-01
   1.8970119e-01
   2.2498871e-01
   2.6380736e-01
   2.2451564e-01
   1.8641892e-01
   1.0463184e-01
   2.8034716e-01
   2.5946639e-01
   3.0487088e-01
   2.7507009e-01
   2.3124892e-01
   2.3451452e-01
   2.7431947e-01
   1.7970381e-01
   1.9192531e-01
   2.1758146e-01
   2.4091310e-01
   1.8333642e-01
   2.0589922e-01
   2.1170412e-01
   1.9311472e-01
   1.8984182e-01
   1.7361857e-01
   1.9532450e-01
   1.7145102e-01
   2.7021244e-01
   1.7999102e-01
   2.4987759e-01
   1.6159150e-01
   1.7498158e-01
   1.9846479e-01
   2.3429964e-01
   2.2176596e-01
   2.2547216e-01
   2.3740099e-01
   2.3388219e-01
   2.2489417e-01
   2.5353198e-01
   2.4226673e-01
   2.2170239e-01
   2.6218353e-01
   2.0476650e-01
   2.3112730e-01
   2.3930111e-01
   2.6174684e-01
   2.4207503e-01
   2.6518815e-01
   2.3320156e-01
   2.2310384e-01
   2.3968914e-01
   2.6115328e-01
   2.0622328e-01
   1.9661558e-01
   1.9968119e-01
   2.2440278e-01
   2.2601940e-01
   1.7924215e-01
   2.0370386e-01
   1.2455219e-01
   2.2119394e-01
   1.7060552e-01
   2.6175601e-01
   2.4730815e-01
   2.0398167e-01
   2.5565412e-01
   2.4077860e-01
   2.4068506e-01
   1.8636351e-01
   2.4776179e-01
   1.4755715e-01
   1.7666572e-01
   2.2784214e-01
   2.1364024e-01
   2.3286612e-01
   2.1621144e-01
   2.3060267e-01
   2.1798932e-01
   2.1293847e-01
   2.2964343e-01
   2.2056798e-01
   1.9962105e-01
   1.3113092e-01
   2.0592051e-01
   1.9408009e-01
   2.2151559e-01
   1.5719557e-01
   2.3123412e-01
   2.1258723e-01
   1.9627472e-01
   2.1628369e-01
   2.7137843e-01
   1.8626000e-01
   2.2388103e-01
   2.1883807e-01
   2.3185916e-01
   1.5255804e-01
   2.0838339e-01
   1.8249550e-01
   1.9453981e-01
   2.7203223e-01
   2.7568373e-01
   2.4309489e-01
   2.6422414e-01
   2.8957183e-01
   2.7286997e-01
   2.7895382e-01
   2.7027986e-01
   2.3051764e-01
   2.0448336e-01
   2.4464860e-01
   2.5421294e-01
   2.5925222e-01
   1.6987878e-01
   2.1553030e-01
   1.8267559e-01
   2.3575353e-01
   2.4428095e-01
   2.2970767e-01
   2.6375295e-01
   2.9036565e-01
   2.3852886e-01
   2.6637028e-01
   2.5774336e-01
   2.3993907e-01
   1.7918038e-01
   2.8415466e-01
   2.5244295e-01
   1.5626623e-01
   1.8934540e-01
   2.7358097e-01
   2.9056583e-01
   2.3176544e-01
   2.2859626e-01
   2.0066476e-01
   2.3853527e-01
   2.1789501e-01
   1.8290120e-01
   2.6444978e-01
   2.5964387e-01
   2.6449744e-01
   2.8676924e-01
   2.6386730e-01
   2.8336598e-01
   2.6651630e-01
   2.1289046e-01
   2.1672315e-01
   1.9645358e-01
   2.4641864e-01
   1.8889416e-01
   2.7341035e-01
   2.2385678e-01
   2.2406126e-01
   1.3989512e-01
   2.6337492e-01
   2.1993147e-01
   2.0958967e-01
   2.0286548e-01
   1.6319110e-01
   2.5813144e-01
   2.6741295e-01
   1.5692381e-01
   1.9839964e-01
   1.6243616e-01
   2.2650403e-01
   1.9629465e-01
   1.7438703e-01
   2.1455700e-01
   1.5056577e-01
   2.2258251e-01
   2.3460627e-01
   1.7655758e-01
   2.4945395e-01
   1.6296654e-01
   1.9509709e-01
   2.8838475e-01
   1.7934714e-01
   1.8583339e-01
   2.6504877e-01
   2.4045678e-01
   2.4814045e-01
   2.7362965e-01
   2.3816129e-01
   2.9461156e-01
   2.1078436e-01
   2.2573253e-01
   2.0282125e-01
   2.4268721e-01
   2.1523407e-01
   2.6503987e-01
   2.3682617e-01
   2.2460127e-01
   2.4305441e-01
   2.5836482e-01
   2.6840038e-01
   2.7213916e-01
   2.4270100e-01
   2.4563889e-01
   2.5492299e-01
   2.6135917e-01
   2.4728539e-01
   2.5780052e-01
   2.1311026e-01
   1.9083330e-01
   2.7430605e-01
   2.0762664e-01
   1.9919416e-01
   1.4651664e-01
   1.4988772e-01
   2.2245388e-01
   1.6653324e-01
   2.6904208e-01
   2.5554715e-01
   2.8810631e-01
   2.8821995e-01
   3.1068227e-01
   2.5888872e-01
   3.0621143e-01
   2.6039779e-01
   2.4654726e-01
   2.4101268e-01
   2.2149985e-01
   2.4299197e-01
   2.7295060e-01
   1.4586714e-01
   1.8362029e-01
   2.5051071e-01
   2.4092811e-01
   2.1385637e-01
   1.4362764e-01
   1.6504226e-01
   2.3662003e-01
   2.1090264e-01
   1.8765256e-01
   1.1132107e-01
   2.5027783e-01
   2.6039618e-01
   1.7175845e-01
   2.7175164e-01
   2.1675030e-01
   1.1351625e-01
   1.7324192e-01
   1.7120366e-01
   2.2395048e-01
   1.6441705e-01
   2.5189046e-01
   2.4169325e-01
   2.2122428e-01
   2.4355022e-01
   2.0188467e-01
   2.2892242e-01
   2.4749519e-01
   2.1582050e-01
   2.7590646e-01
   1.8115783e-01
   2.1347906e-01
   2.0162457e-01
   1.3769076e-01
   2.1081794e-01
   2.5380622e-01
   2.0924423e-01
   1.9853539e-01
   2.3028002e-01
   1.9999999e-01
   1.3836073e-01
   1.6367326e-01
   2.1221597e-01
   1.8873316e-01
   2.3318198e-01
   1.9746361e-01
   1.9865965e-01
   1.3972518e-01
   1.7283124e-01
   2.1856382e-01
   1.9850057e-01
   2.3202135e-01
   1.4189454e-01
   1.5359213e-01
   2.4253285e-01
   2.2210545e-01
   2.1813054e-01
   2.1893750e-01
   2.0899340e-01
   1.8589308e-01
   1.8546079e-01
   2.1712607e-01
   2.6932703e-01
   2.7518161e-01
   2.6683938e-01
   2.5912473e-01
   2.9324837e-01
   2.5678813e-01
   1.6522990e-01
   2.5235544e-01
   2.3178955e-01
   2.8882967e-01
   2.2757045e-01
   2.8363335e-01
   2.5301822e-01
   1.8610723e-01
   2.5534177e-01
   2.4542699e-01
   2.6798789e-01
   2.3881424e-01
   2.1814543e-01
   2.1361135e-01
   1.8212850e-01
   2.1431823e-01
   1.6330131e-01
   2.3560555e-01
   2.4777986e-01
   1.8735564e-01
   2.2911347e-01
   2.5875594e-01
   2.5807463e-01
   2.5880790e-01
   2.6478418e-01
   2.3893397e-01
   2.3746952e-01
   2.3960602e-01
   1.9272774e-01
   2.7685908e-01
   2.9630110e-01
   2.8251459e-01
   3.0079951e-01
   2.2013891e-01
   2.6666072e-01
   2.7682030e-01
   2.6584699e-01
   2.9340918e-01
   2.1251280e-01
   2.6956173e-01
   2.5279186e-01
   1.6112287e-01
   2.4447062e-01
   1.7676340e-01
   2.5146091e-01
   3.0105515e-01
   2.7280094e-01
   2.6273239e-01
   2.4973038e-01
   3.0710446e-01
   2.4952603e-01
   2.8209666e-01
   2.6606581e-01
   2.6244233e-01
   2.2452127e-01
   2.1743451e-01
   2.0645853e-01
   2.7779122e-01
   2.7287964e-01
   2.4845998e-01
   2.6328272e-01
   2.7330350e-01
   2.1175021e-01
   2.0730832e-01
   2.6474737e-01
   2.0466280e-01
   1.5587106e-01
   2.4546640e-01
   2.7608544e-01
   2.7406436e-01
   1.7032100e-01
   2.9322623e-01
   1.9498661e-01
   1.7454235e-01
   2.6684129e-01
   2.5737207e-01
   9.2284578e-02
   1.7577540e-01
   2.9258628e-01
   2.0993732e-01
   2.2822236e-01
   2.7871468e-01
   1.5715861e-01
   1.7547825e-01
   1.3634942e-01
   2.0310930e-01
   2.4541850e-01
   1.9743098e-01
   1.9785497e-01
   1.3798173e-01
   2.3373134e-01
   2.1472135e-01
   2.7543215e-01
   3.0372955e-01
   1.1185232e-01
   2.7698516e-01
   1.7971390e-01
   2.2094265e-01
   2.5892017e-01
   2.0537740e-01
   2.0901736e-01
   2.7782683e-01
   2.3595378e-01
   1.7120385e-01
   1.1962568e-01
   1.7219989e-01
   1.8646520e-01
   1.8289386e-01
   2.5910528e-01
   2.7770269e-01
   2.2719818e-01
   2.3230994e-01
   2.1224200e-01
   2.7577545e-01
   2.4900131e-01
   2.4928276e-01
   1.9028837e-01
   1.6632662e-01
   2.0038651e-01
   2.2678119e-01
   2.0930697e-01
   2.4039592e-01
   2.3071001e-01
   1.6927851e-01
   2.1712696e-01
   1.6963729e-01
   1.6095003e-01
   2.1428000e-01
   2.1375827e-01
   2.4140902e-01
   2.6072332e-01
   1.3607526e-01
   1.7750673e-01
   2.1125409e-01
   2.5603217e-01
   1.4503236e-01
   1.8511014e-01
   1.9405725e-01
   1.2420527e-01
   2.3554793e-01
   1.3771492e-01
   2.0617952e-01
   1.9996648e-01
   1.9066082e-01
   2.7565265e-01
   2.1216754e-01
   2.1118907e-01
   2.0790581e-01
   1.1024542e-01
   1.9307579e-01
   1.4471347e-01
   2.0271611e-01
   1.4976243e-01
   2.0729595e-01
   1.5164799e-01
   1.7536539e-01
   1.7623947e-01
   1.5780770e-01
   1.3958420e-01
   1.8428234e-01
   2.0477992e-01
   2.4684701e-01
   1.7598217e-01
   2.2050177e-01
   2.8115241e-01
   1.5658464e-01
   1.8376935e-01
   1.3050859e-01
   2.1750471e-01
   2.2875537e-01
   1.2141840e-01
   2.1758964e-01
   2.0422381e-01
   1.4535864e-01
   9.5817514e-02
   2.1314125e-01
   2.3641285e-01
   1.5826478e-01
   2.8958067e-01
   1.8407521e-01
   1.9836796e-01
   1.7740509e-01
   2.6202353e-01
   2.3949726e-01
   2.8635103e-01
   2.0403457e-01
   1.6100500e-01
   1.6715237e-01
   2.0934888e-01
   2.4754787e-01
   2.0226328e-01
   1.9799341e-01
   2.2673528e-01
   1.4776772e-01
   2.2817599e-01
   1.9849936e-01
   2.2932784e-01
   2.0560514e-01
   2.7906287e-01
   2.0659617e-01
   1.5725185e-01
   1.6410970e-01
   1.6633322e-01
   2.0692605e-01
   2.3317987e-01
   2.2474750e-01
   1.3773684e-01
   1.7976267e-01
   1.0742767e-01
   1.6841071e-01
   2.3817037e-01
   1.3378507e-01
   1.5401195e-01
   1.5349482e-01
   1.6902890e-01
   2.1479072e-01
   2.1135339e-01
   2.5255629e-01
   2.3093065e-01
   2.3688489e-01
   2.3395648e-01
   2.1084111e-01
   1.5233853e-01
   7.1558001e-02
   1.8734502e-01
   1.8944946e-01
   1.2572980e-01
   1.2890247e-01
   1.6309148e-01
   2.2978949e-01
   1.9416630e-01
   1.8149044e-01
   1.2129064e-01
   1.5698355e-01
   1.8631803e-01
   1.6399209e-01
   2.0011592e-01
   2.2614731e-01
   2.1490902e-01
   2.1293276e-01
   1.2465154e-01
   2.0171561e-01
   1.6037841e-01
   1.7645256e-01
   1.8220835e-01
   1.3712154e-01
   1.7392859e-01
   1.8368938e-01
   1.5461818e-01
   1.9159068e-01
   1.2986546e-01
   1.9211477e-01
   2.0450194e-01
   2.1384069e-01
   2.7909315e-01
   2.0335680e-01
   1.8548216e-01
   1.6727147e-01
   1.8975911e-01
   1.6490643e-01
   1.9125419e-01
   2.4237446e-01
   2.3215456e-01
   2.7074586e-01
   1.9795088e-01
   2.5100264e-01
   1.8526245e-01
   1.4234993e-01
   1.5283264e-01
   2.0713781e-01
   2.2754918e-01
   1.8183383e-01
   1.5456114e-01
   1.1968183e-01
   1.4738106e-01
   2.9434708e-01
   1.7792364e-01
   2.0183729e-01
   1.9858146e-01
   2.4444964e-01
   2.2290645e-01
   2.1166582e-01
   2.6937776e-01
   2.1175597e-01
   2.2714483e-01
   1.8304679e-01
   1.9488510e-01
   1.9113912e-01
   2.4674806e-01
   2.1234462e-01
   2.7156855e-01
   1.8665389e-01
   1.4585329e-01
   1.1183660e-01
   2.4882967e-01
   2.5025120e-01
   1.7116592e-01
   1.4514461e-01
   1.7562499e-01
   2.3402556e-01
   2.5424250e-01
   1.7659176e-01
   1.3682783e-01
   1.7259041e-01
   2.0402818e-01
   2.8152512e-01
   2.8587182e-01
   2.6912590e-01
   1.4069764e-01
   1.5732897e-01
   1.2653008e-01
   2.4829248e-01
   3.1128246e-01
   2.2854143e-01
   1.6416343e-01
   1.7382031e-01
   2.3504845e-01
   1.9828193e-01
   2.7608680e-01
   2.0220017e-01
   2.5576932e-01
   1.9238477e-01
   1.2697454e-01
   2.2926782e-01
   1.5733932e-01
   2.3029745e-01
   2.5590555e-01
   2.3578927e-01
   1.4863755e-01
   2.4062778e-01
   2.0700124e-01
   2.6609679e-01
   2.6571641e-01
   1.2955510e-01
   2.2899783e-01
   2.4539092e-01
   2.3595814e-01
   2.7374091e-01
   1.2392598e-01
   1.1087854e-01
   1.5433223e-01
   2.5201512e-01
   2.3115738e-01
   1.5996598e-01
   1.5956889e-01
   2.0864176e-01
   1.9667187e-01
   1.2432351e-01
   2.1017546e-01
   3.4880839e-01
   8.7796006e-02
   1.5191971e-01
   2.2536511e-01
   8.6273157e-02
   1.6505293e-01
   1.3355992e-01
   1.5011463e-01
   2.0039625e-01
   2.0202354e-01
   1.5176192e-01
   2.1252140e-01
   1.8952784e-01
   1.3763215e-01
   1.7065407e-01
   2.0621117e-01
   2.8871000e-01
   3.0578487e-01
   2.0928088e-01
   2.1820882e-01
   1.6855269e-01
   1.3465572e-01
   1.7808928e-01
   1.3518397e-01
   2.0123110e-01
   2.7148687e-01
   2.2976791e-01
   1.7338051e-01
   1.8094518e-01
   1.9238531e-01
   2.5749560e-01
   2.7704055e-01
   2.5311489e-01
   3.3817994e-01
   2.1349936e-01
   1.2197661e-01
   2.0138505e-01
   2.5749498e-01
   1.4781658e-01
   1.4658998e-01
   2.0425363e-01
   1.9648936e-01
   2.0288009e-01
   1.9333990e-01
   1.6486390e-01
   2.4869940e-01
   2.2486649e-01
   1.2886281e-01
   1.4905430e-01
   1.6510724e-01
   1.6904486e-01
   2.2510653e-01
   1.7119751e-01
   2.0758208e-01
   1.8731795e-01
   1.5332773e-01
   9.5300539e-02
   1.7686147e-01
   2.4200965e-01
   1.3961823e-01
   1.6975237e-01
   1.3541036e-01
   1.4688109e-01
   1.5916116e-01
   1.5750745e-01
   1.4638583e-01
   1.7856222e-01
   1.6285746e-01
   2.6113583e-01
   2.8450578e-01
   2.5457022e-01
   1.9478171e-01
   1.2567855e-01
   2.1904955e-01
   2.0349085e-01
   2.1056589e-01
   2.0394023e-01
   1.5433889e-01
   1.6023717e-01
   1.8695900e-01
   3.2975449e-01
   1.9889953e-01
   1.5126630e-01
   1.9142079e-01
   2.4220911e-01
   2.5188873e-01
   2.8037997e-01
   2.1821259e-01
   1.2634410e-01
   2.2533067e-01
   2.4531394e-01
   1.9997847e-01
   1.8109688e-01
   1.5370368e-01
   2.3918792e-01
   1.6704777e-01
   1.7486187e-01
   2.1885126e-01
   1.4680818e-01
   1.7509960e-01
   2.2278607e-01
   2.1656433e-01
   2.0489209e-01
   2.1093615e-01
   1.7248669e-01
   2.4214022e-01
   1.3763178e-01
   1.4790439e-01
   2.0684255e-01
   1.7282041e-01
   2.0447717e-01
   1.4360904e-01
   2.2254910e-01
   2.5319248e-01
   2.4428116e-01
   1.0965571e-01
   2.0594630e-01
   1.5454955e-01
   2.0652105e-01
   2.3420222e-01
   2.3527506e-01
   1.1110841e-01
   2.1174071e-01
   2.2036112e-01
   1.5043294e-01
   2.4661525e-01
   1.7799702e-01
   2.0395367e-01
   2.2556320e-01
   2.3336035e-01
   2.4539353e-01
   1.9794419e-01
   2.4745184e-01
   1.5007140e-01
   2.4094780e-01
   1.7859388e-01
   1.4764300e-01
   2.5300913e-01
   2.4640608e-01
   2.4254607e-01
   1.9806103e-01
   1.4048474e-01
   2.5561285e-01
   1.8857778e-01
   2.8657089e-01
   2.0019932e-01
   1.8891829e-01
   2.1288954e-01
   1.9293011e-01
   1.6517647e-01
   2.0120382e-01
   1.9847219e-01
   1.8955109e-01
   1.9912428e-01
   2.3997648e-01
   1.3548320e-01
   2.1962362e-01
   2.3636622e-01
   2.2351370e-01
   2.2161287e-01
   2.2488401e-01
   1.9025920e-01
   1.8975147e-01
   1.0357228e-01
   2.1225671e-01
   2.0772340e-01
   2.0937455e-01
   1.5498665e-01
   1.8128348e-01
   2.0677358e-01
   1.6721474e-01
   1.5551884e-01
   1.8849723e-01
   1.8866038e-01
   2.1339539e-01
   1.8731609e-01
   2.0715342e-01
   1.8471751e-01
   2.7450541e-01
   2.3767968e-01
   2.1384017e-01
   1.7635273e-01
   2.4318923e-01
   2.1694830e-01
   1.7624663e-01
   2.0792709e-01
   2.0244690e-01
   1.7217137e-01
   1.7539971e-01
   1.3175986e-01
   2.2928110e-01
   2.4786439e-01
   2.5661867e-01
   2.3423656e-01
   2.6022171e-01
   1.7183729e-01
   8.6480847e-02
   1.7792922e-01
   1.8159482e-01
   2.0079448e-01
   1.7014205e-01
   1.8647759e-01
   2.8327715e-01
   1.9916316e-01
   2.5763843e-01
   2.6646740e-01
   1.9407426e-01
   2.2563062e-01
   1.9450960e-01
   1.9537899e-01
   2.9262350e-01
   2.3648184e-01
   2.0310963e-01
   1.6262793e-01
   2.0742518e-01
   1.4945891e-01
   3.0022536e-01
   1.2962378e-01
   2.2774557e-01
   2.2257876e-01
   1.3079395e-01
   2.3076096e-01
   2.3598400e-01
   2.0084623e-01
   2.3246569e-01
   2.5561917e-01
   1.6375819e-01
   2.6698765e-01
   1.6522826e-01
   2.7534097e-01
   2.7015652e-01
   1.8144649e-01
   2.4160414e-01
   2.2372326e-01
   2.2182719e-01
   2.6918923e-01
   2.8448839e-01
   1.8225421e-01
   2.2435402e-01
   1.3808117e-01
   2.2025090e-01
   2.4644098e-01
   2.6048687e-01
   2.4675227e-01
   1.3694874e-01
   1.9442453e-01
   1.0899909e-01
   1.8645046e-01
   3.1534365e-01
   1.4116507e-01
   2.8001762e-01
   1.4455708e-01
   1.3802403e-01
   1.4913299e-01
   1.9355774e-01
   1.5888793e-01
   1.6731797e-01
   1.7597393e-01
   1.3554360e-01
   1.8528085e-01
   2.2399308e-01
   1.2800621e-01
   1.6914978e-01
   1.5786070e-01
   1.6684357e-01
   8.7849056e-02
   1.7230101e-01
   1.6821384e-01
   2.0205047e-01
   1.8812142e-01
   1.7219882e-01
   1.5219805e-01
   1.2189420e-01
   9.6969313e-02
   2.5668583e-01
   1.5158064e-01
   2.3498462e-01
   1.3899846e-01
   1.7293935e-01
   1.3499055e-01
   1.1798413e-01
   1.6381370e-01
   1.4505565e-01
   1.4052242e-01
   8.3409076e-02
   1.6623589e-01
   1.1873176e-01
   1.3632552e-01
   1.5719386e-01
   1.6741263e-01
   1.4466817e-01
   1.1662701e-01
   1.9151152e-01
   1.6716634e-01
   1.5466628e-01
   1.6915449e-01
   1.7864201e-01
   1.6482657e-01
   1.3704017e-01
   1.6964706e-01
   1.8599180e-01
   1.6480354e-01
   1.7750249e-01
   1.3328613e-01
   1.5520044e-01
   2.2271544e-01
   1.5713556e-01
   1.6748907e-01
   1.0373588e-01
   1.7271773e-01
   1.4103847e-01
   1.0361163e-01
   1.4469460e-01
   1.7503644e-01
   1.6466515e-01
   1.2444337e-01
   1.4517563e-01
   1.5334530e-01
   1.3264968e-01
   1.4879398e-01
   7.3465301e-02
   1.3811207e-01
   1.4603365e-01
   1.3909718e-01
   1.1527267e-01
   1.6765342e-01
   1.2932846e-01
   3.5934570e-02
   8.1860908e-02
   1.6302691e-01
   1.7745767e-01
   1.5644817e-01
   1.3425346e-01
   1.6263932e-01
   1.3678370e-01
   1.4761944e-01
   1.5127144e-01
   1.3342458e-01
   1.4643221e-01
   1.5484202e-01
   1.3678268e-01
   1.3850118e-01
   1.9165251e-01
   1.5220040e-01
   1.5780844e-01
   1.4561074e-01
   1.5121755e-01
   1.4805659e-01
   1.5817028e-01
   1.4380251e-01
   1.4011131e-01
   1.5112609e-01
   1.5479142e-01
   1.4641203e-01
   1.4815224e-01
   1.6411787e-01
   1.6052421e-01
   1.4349596e-01
   1.6843729e-01
   1.9395392e-01
   1.8305512e-01
   1.7026138e-01
   1.7084445e-01
   1.6433188e-01
   1.7103638e-01
   1.6968337e-01
   1.5080778e-01
   2.0402085e-01
   1.5709165e-01
   1.6153382e-01
   1.7920390e-01
   1.6855389e-01
   1.6924781e-01
   1.9856581e-01
   1.9452914e-01
   1.3844322e-01
   1.8160227e-01
   1.8532332e-01
   2.1513008e-01
   1.4518659e-01
   1.9719686e-01
   2.1509969e-01
   2.1730601e-01
   1.6078432e-01
   1.5667392e-01
   1.6075944e-01
   1.5035934e-01
   1.2203335e-01
   1.3323639e-01
   1.9899835e-01
   1.6497561e-01
   1.2043380e-01
   1.8348785e-01
   1.7651637e-01
   1.4290084e-01
   1.8444521e-01
   1.6025832e-01
   1.5569075e-01
   1.9201522e-01
   1.8354613e-01
   1.8236345e-01
   1.2558890e-01
   2.2414346e-01
   2.7995725e-01
   1.1470422e-01
   1.6158798e-01
   1.0559981e-01
   1.9247117e-01
   1.5097890e-01
   1.7131661e-01
   1.6933933e-01
   2.4275880e-01
   2.5003307e-01
   1.1675169e-01
   2.4382705e-01
   1.2850555e-01
   3.0474471e-01
   2.7715513e-01
   2.2343829e-01
   2.6711140e-01
   2.6635582e-01
   3.4559949e-01
   2.1317331e-01
   2.3726515e-01
   2.2985106e-01
   2.5055301e-01
   2.4229543e-01
   2.3689159e-01
   2.5014851e-01
   2.3387868e-01
   1.8398772e-01
   1.6958453e-01
   1.3294902e-01
   1.8465905e-01
   9.0508651e-02
   1.1862289e-01
   1.7103406e-01
   1.7127558e-01
   1.8651953e-01
   1.6439101e-01
   1.6263385e-01
   1.7967663e-01
   2.5684524e-01
   1.7673998e-01
   2.6301319e-01
   2.0626432e-01
   2.9611117e-01
   1.8590622e-01
   1.9750766e-01
   2.3377664e-01
   2.5979350e-01
   1.0803645e-01
   1.5054490e-01
   1.7310535e-01
   1.6721565e-01
   2.0108077e-01
   2.1632526e-01
   2.1564917e-01
   1.2490556e-01
   1.5414807e-01
   1.5429617e-01
   2.2764248e-01
   2.2793451e-01
   1.9639297e-01
   1.7182076e-01
   1.9518959e-01
   2.1391550e-01
   1.0814639e-01
   1.9258881e-01
   1.6252766e-01
   1.7918126e-01
   2.5099801e-01
   1.8508606e-01
   2.7203331e-01
   1.4793552e-01
   2.4985185e-01
   2.5605749e-01
   2.3869390e-01
   2.3347771e-01
   2.4786104e-01
   2.4161061e-01
   2.5344428e-01
   2.4393272e-01
   1.3103680e-01
   2.2368068e-01
   2.2834108e-01
   2.3037156e-01
   2.2727616e-01
   2.9696720e-01
   2.0573358e-01
   2.1870854e-01
   1.8093636e-01
   2.6937637e-01
   2.2361135e-01
   2.2098306e-01
   2.1090053e-01
   3.0994597e-01
   2.6614704e-01
   1.9705112e-01
   1.2802773e-01
   1.8323072e-01
   3.0556861e-01
   2.5888322e-01
   2.8881830e-01
   2.9131505e-01
   2.6811603e-01
   2.0845486e-01
   2.7504771e-01
   2.0323920e-01
   2.6956745e-01
   3.0412280e-01
   3.2276240e-01
   2.9056663e-01
   2.9103738e-01
   2.2264906e-01
   2.7228445e-01
   3.3368174e-01
   3.1284384e-01
   2.7566395e-01
   2.9868148e-01
   2.8732084e-01
   2.7935593e-01
   3.0906002e-01
   1.0104785e-01
   1.2575326e-01
   2.9194794e-01
   2.6314898e-01
   2.4272947e-01
   2.3301923e-01
   2.2919061e-01
   1.8346137e-01
   2.1740252e-01
   2.0831693e-01
   2.4480154e-01
   2.3192562e-01
   2.6435209e-01
   3.0269041e-01
   3.0624251e-01
   3.0554262e-01
   3.0314667e-01
   2.2744201e-01
   2.0745250e-01
   1.2990050e-01
   1.6914968e-01
   2.1656268e-01
   2.8710240e-01
   1.3188417e-01
   2.7522422e-01
   2.1288733e-01
   1.8875147e-01
   2.1345920e-01
   2.4183951e-01
   2.9076902e-01
   2.5261613e-01
   1.4902961e-01
   2.0848976e-01
   1.9753385e-01
   1.0929416e-01
   1.4234234e-01
   2.3388860e-01
   1.6896736e-01
   2.3422224e-01
   2.5577750e-01
   2.7739417e-01
   2.9268185e-01
   2.3025211e-01
   2.1195589e-01
   1.7252597e-01
   2.1523577e-01
   2.6086490e-01
   1.7660481e-01
   2.2113339e-01
   2.9165947e-01
   2.5200496e-01
   2.6952106e-01
   2.5431667e-01
   2.2201695e-01
   2.4180796e-01
   2.6213868e-01
   2.8218238e-01
