   1.0000000e+00
   8.0000000e+00
   1.1000000e+01
   1.9000000e+01
   2.3000000e+01
   2.9000000e+01
   3.2000000e+01
   3.7000000e+01
   4.4000000e+01
   4.7000000e+01
   5.0000000e+01
   5.5000000e+01
   6.4000000e+01
   6.8000000e+01
   7.4000000e+01
   7.7000000e+01
   7.9000000e+01
   8.7000000e+01
   9.1000000e+01
   9.8000000e+01
   1.0000000e+02
   1.0600000e+02
   1.1500000e+02
   1.1800000e+02
   1.2700000e+02
   1.3300000e+02
   1.3700000e+02
   1.4000000e+02
   1.4500000e+02
   1.5200000e+02
   1.5800000e+02
   1.6100000e+02
   1.6900000e+02
   1.7000000e+02
   1.7800000e+02
   1.8000000e+02
   1.8800000e+02
   1.9400000e+02
   2.0000000e+02
   2.0500000e+02
   2.0600000e+02
   2.1200000e+02
   2.1900000e+02
   2.2400000e+02
   2.3000000e+02
   2.3500000e+02
   2.4000000e+02
   2.4500000e+02
   2.4900000e+02
   2.5200000e+02
   2.6100000e+02
   2.6500000e+02
   2.6600000e+02
   2.7400000e+02
   2.8000000e+02
   2.8200000e+02
   2.8900000e+02
   2.9500000e+02
   3.0000000e+02
   3.0300000e+02
   3.0700000e+02
   3.1400000e+02
   3.1800000e+02
   3.2300000e+02
   3.2900000e+02
   3.3200000e+02
   3.3800000e+02
   3.4500000e+02
   3.4700000e+02
   3.5500000e+02
   3.5800000e+02
   3.6400000e+02
   3.6700000e+02
   3.7000000e+02
   3.7700000e+02
   3.8500000e+02
   3.8800000e+02
   3.9400000e+02
   3.9800000e+02
   4.0200000e+02
   4.0900000e+02
   4.1200000e+02
   4.2200000e+02
   4.2500000e+02
   4.2700000e+02
   4.3500000e+02
   4.3800000e+02
   4.4300000e+02
   4.4800000e+02
   4.5100000e+02
   4.5400000e+02
   4.6000000e+02
   4.6100000e+02
   4.6500000e+02
   4.7200000e+02
   4.7300000e+02
   4.8000000e+02
   4.8300000e+02
   4.8500000e+02
   4.9200000e+02
   4.9300000e+02
   4.9800000e+02
   5.0100000e+02
   5.0500000e+02
   5.1000000e+02
   5.1600000e+02
   5.1700000e+02
   5.2200000e+02
   5.2700000e+02
   5.3000000e+02
   5.3300000e+02
   5.3600000e+02
   5.4200000e+02
   5.4400000e+02
   5.5000000e+02
   5.5200000e+02
   5.5500000e+02
   5.6000000e+02
   5.6400000e+02
   5.6700000e+02
   5.7200000e+02
   5.7400000e+02
   5.8000000e+02
   5.8500000e+02
   5.8800000e+02
   5.9000000e+02
   5.9400000e+02
   5.9700000e+02
   6.0500000e+02
   6.1000000e+02
   6.1200000e+02
   6.1900000e+02
   6.2200000e+02
   6.2500000e+02
   6.2900000e+02
   6.3400000e+02
   6.3800000e+02
   6.4100000e+02
   6.4800000e+02
   6.5000000e+02
   6.5700000e+02
   6.5900000e+02
   6.6600000e+02
   6.7200000e+02
   6.7600000e+02
   6.7800000e+02
   6.8600000e+02
   6.8800000e+02
   6.9600000e+02
   7.0200000e+02
   7.0500000e+02
   7.1200000e+02
   7.1400000e+02
   7.2000000e+02
   7.2400000e+02
   7.3000000e+02
   7.3300000e+02
   7.3800000e+02
   7.4300000e+02
   7.4600000e+02
   7.5100000e+02
   7.5300000e+02
   7.6000000e+02
   7.6200000e+02
   7.6700000e+02
   7.7000000e+02
   7.7700000e+02
   7.8000000e+02
   7.8300000e+02
   7.8900000e+02
   7.9200000e+02
   7.9700000e+02
   8.0300000e+02
   8.0700000e+02
   8.1000000e+02
   8.1700000e+02
   8.2000000e+02
   8.2400000e+02
   8.2700000e+02
   8.3500000e+02
   8.3700000e+02
   8.4200000e+02
   8.4600000e+02
   8.5000000e+02
   8.5400000e+02
   8.6200000e+02
   8.6600000e+02
   8.7000000e+02
   8.7800000e+02
   8.8100000e+02
   8.8500000e+02
   8.8900000e+02
   8.9500000e+02
   8.9800000e+02
   9.0500000e+02
   9.1000000e+02
   9.1200000e+02
   9.1800000e+02
   9.2200000e+02
   9.2600000e+02
   9.3300000e+02
   9.3700000e+02
   9.4000000e+02
   9.4800000e+02
   9.5400000e+02
   9.5700000e+02
   9.6000000e+02
   9.7000000e+02
   9.7400000e+02
   9.7900000e+02
   9.8000000e+02
   9.8400000e+02
   9.9200000e+02
   9.9600000e+02
   1.0000000e+03
   1.0060000e+03
   1.0100000e+03
   1.0160000e+03
   1.0200000e+03
   1.0250000e+03
   1.0320000e+03
   1.0340000e+03
   1.0390000e+03
   1.0430000e+03
   1.0470000e+03
   1.0500000e+03
   1.0540000e+03
   1.0610000e+03
   1.0620000e+03
   1.0680000e+03
   1.0720000e+03
   1.0780000e+03
   1.0830000e+03
   1.0860000e+03
   1.0930000e+03
   1.0990000e+03
   1.1030000e+03
   1.1070000e+03
   1.1120000e+03
   1.1160000e+03
   1.1220000e+03
   1.1260000e+03
   1.1320000e+03
   1.1350000e+03
   1.1390000e+03
   1.1420000e+03
   1.1470000e+03
   1.1530000e+03
   1.1560000e+03
   1.1610000e+03
   1.1630000e+03
   1.1670000e+03
   1.1730000e+03
   1.1760000e+03
   1.1820000e+03
   1.1870000e+03
   1.1910000e+03
   1.1970000e+03
   1.2020000e+03
   1.2050000e+03
   1.2070000e+03
   1.2160000e+03
   1.2190000e+03
   1.2240000e+03
   1.2280000e+03
   1.2300000e+03
   1.2370000e+03
   1.2410000e+03
   1.2450000e+03
   1.2530000e+03
   1.2580000e+03
   1.2610000e+03
   1.2620000e+03
   1.2680000e+03
   1.2710000e+03
   1.2770000e+03
   1.2810000e+03
   1.2860000e+03
   1.2880000e+03
   1.2940000e+03
   1.2960000e+03
   1.3030000e+03
   1.3060000e+03
   1.3100000e+03
   1.3160000e+03
   1.3190000e+03
   1.3250000e+03
   1.3310000e+03
   1.3340000e+03
   1.3400000e+03
   1.3420000e+03
   1.3480000e+03
   1.3520000e+03
   1.3540000e+03
   1.3600000e+03
   1.3660000e+03
   1.3680000e+03
   1.3730000e+03
   1.3780000e+03
   1.3820000e+03
   1.3860000e+03
   1.3930000e+03
   1.3960000e+03
   1.3990000e+03
   1.4040000e+03
   1.4090000e+03
   1.4120000e+03
   1.4170000e+03
   1.4240000e+03
   1.4280000e+03
   1.4350000e+03
   1.4420000e+03
   1.4450000e+03
   1.4470000e+03
   1.4500000e+03
   1.4560000e+03
   1.4580000e+03
   1.4650000e+03
   1.4710000e+03
   1.4750000e+03
   1.4780000e+03
   1.4800000e+03
   1.4840000e+03
   1.4880000e+03
   1.4930000e+03
   1.4970000e+03
   1.5010000e+03
   1.5030000e+03
   1.5100000e+03
   1.5110000e+03
   1.5170000e+03
   1.5230000e+03
   1.5280000e+03
   1.5290000e+03
   1.5380000e+03
   1.5400000e+03
   1.5440000e+03
   1.5480000e+03
   1.5530000e+03
   1.5590000e+03
   1.5630000e+03
   1.5700000e+03
   1.5750000e+03
   1.5760000e+03
   1.5820000e+03
   1.5890000e+03
   1.5940000e+03
   1.5990000e+03
   1.6070000e+03
   1.6090000e+03
   1.6160000e+03
   1.6180000e+03
   1.6250000e+03
   1.6290000e+03
   1.6330000e+03
   1.6400000e+03
   1.6430000e+03
   1.6480000e+03
   1.6560000e+03
   1.6620000e+03
   1.6660000e+03
   1.6690000e+03
   1.6790000e+03
   1.6830000e+03
   1.6870000e+03
   1.6970000e+03
   1.7000000e+03
   1.7070000e+03
   1.7090000e+03
   1.7160000e+03
   1.7210000e+03
   1.7230000e+03
   1.7320000e+03
   1.7340000e+03
   1.7400000e+03
   1.7430000e+03
   1.7520000e+03
   1.7540000e+03
   1.7590000e+03
   1.7620000e+03
   1.7680000e+03
   1.7740000e+03
   1.7790000e+03
   1.7820000e+03
   1.7850000e+03
   1.7940000e+03
   1.7960000e+03
   1.8060000e+03
   1.8080000e+03
   1.8150000e+03
   1.8170000e+03
   1.8230000e+03
   1.8290000e+03
   1.8310000e+03
   1.8360000e+03
   1.8460000e+03
   1.8470000e+03
   1.8550000e+03
   1.8580000e+03
   1.8660000e+03
   1.8690000e+03
   1.8760000e+03
   1.8800000e+03
   1.8870000e+03
   1.8880000e+03
   1.8960000e+03
   1.9020000e+03
   1.9060000e+03
   1.9120000e+03
   1.9160000e+03
   1.9240000e+03
   1.9270000e+03
   1.9290000e+03
   1.9360000e+03
   1.9420000e+03
   1.9470000e+03
   1.9490000e+03
   1.9560000e+03
   1.9610000e+03
   1.9680000e+03
   1.9720000e+03
   1.9780000e+03
   1.9810000e+03
   1.9870000e+03
   1.9890000e+03
   1.9970000e+03
   2.0000000e+03
   2.0070000e+03
   2.0120000e+03
   2.0130000e+03
   2.0190000e+03
   2.0220000e+03
   2.0280000e+03
   2.0330000e+03
   2.0350000e+03
   2.0440000e+03
   2.0480000e+03
   2.0540000e+03
   2.0590000e+03
   2.0630000e+03
   2.0710000e+03
   2.0760000e+03
   2.0870000e+03
   2.0920000e+03
   2.0960000e+03
   2.1000000e+03
   2.1080000e+03
   2.1160000e+03
   2.1230000e+03
   2.1340000e+03
   2.1350000e+03
   2.1440000e+03
   2.1490000e+03
   2.1560000e+03
   2.1660000e+03
   2.1690000e+03
   2.1750000e+03
   2.1800000e+03
   2.1880000e+03
   2.1920000e+03
   2.1960000e+03
   2.2040000e+03
   2.2080000e+03
   2.2150000e+03
   2.2190000e+03
   2.2220000e+03
   2.2270000e+03
   2.2350000e+03
   2.2360000e+03
   2.2420000e+03
   2.2460000e+03
   2.2510000e+03
   2.2600000e+03
   2.2650000e+03
   2.2700000e+03
   2.2730000e+03
   2.2800000e+03
   2.2830000e+03
   2.2860000e+03
   2.2930000e+03
   2.2940000e+03
   2.2990000e+03
   2.3040000e+03
   2.3070000e+03
   2.3100000e+03
   2.3140000e+03
   2.3180000e+03
   2.3220000e+03
   2.3260000e+03
   2.3310000e+03
   2.3340000e+03
   2.3370000e+03
   2.3410000e+03
   2.3490000e+03
   2.3500000e+03
   2.3590000e+03
   2.3600000e+03
   2.3660000e+03
   2.3710000e+03
   2.3760000e+03
