   5.0000000e+00
   8.0000000e+00
   1.1000000e+01
   2.0000000e+01
   2.5000000e+01
   2.9000000e+01
   3.4000000e+01
   3.8000000e+01
   4.2000000e+01
   4.6000000e+01
   5.0000000e+01
   5.6000000e+01
   6.0000000e+01
   6.8000000e+01
   7.4000000e+01
   7.5000000e+01
   8.0000000e+01
   8.8000000e+01
   9.2000000e+01
   9.6000000e+01
   1.0100000e+02
   1.0800000e+02
   1.1100000e+02
   1.2000000e+02
   1.2300000e+02
   1.2900000e+02
   1.3800000e+02
   1.4100000e+02
   1.4600000e+02
   1.5100000e+02
   1.5500000e+02
   1.6200000e+02
   1.6800000e+02
   1.7300000e+02
   1.7800000e+02
   1.8200000e+02
   1.8900000e+02
   1.9500000e+02
   2.0000000e+02
   2.0100000e+02
   2.0900000e+02
   2.1500000e+02
   2.1900000e+02
   2.2500000e+02
   2.2900000e+02
   2.3200000e+02
   2.4000000e+02
   2.4200000e+02
   2.4700000e+02
   2.5300000e+02
   2.5700000e+02
   2.6500000e+02
   2.7000000e+02
   2.7600000e+02
   2.7800000e+02
   2.8600000e+02
   2.8900000e+02
   2.9500000e+02
   2.9900000e+02
   3.0200000e+02
   3.1000000e+02
   3.1400000e+02
   3.1500000e+02
   3.2000000e+02
   3.3000000e+02
   3.3500000e+02
   3.3900000e+02
   3.4400000e+02
   3.4900000e+02
   3.5400000e+02
   3.5900000e+02
   3.6400000e+02
   3.6700000e+02
   3.7300000e+02
   3.7900000e+02
   3.8000000e+02
   3.8800000e+02
   3.9300000e+02
   3.9900000e+02
   4.0500000e+02
   4.0800000e+02
   4.1500000e+02
   4.2000000e+02
   4.2600000e+02
   4.2700000e+02
   4.3400000e+02
   4.3800000e+02
   4.4500000e+02
   4.4600000e+02
   4.5100000e+02
   4.5300000e+02
   4.6000000e+02
   4.6100000e+02
   4.6700000e+02
   4.7200000e+02
   4.7300000e+02
   4.7900000e+02
   4.8500000e+02
   4.8600000e+02
   4.8900000e+02
   4.9600000e+02
   4.9700000e+02
   5.0400000e+02
   5.0600000e+02
   5.1200000e+02
   5.1400000e+02
   5.1900000e+02
   5.2400000e+02
   5.2500000e+02
   5.3000000e+02
   5.3600000e+02
   5.3900000e+02
   5.4100000e+02
   5.4600000e+02
   5.4800000e+02
   5.5200000e+02
   5.5600000e+02
   5.6200000e+02
   5.6500000e+02
   5.6700000e+02
   5.7300000e+02
   5.7700000e+02
   5.8100000e+02
   5.8300000e+02
   5.8800000e+02
   5.9200000e+02
   5.9500000e+02
   6.0000000e+02
   6.0500000e+02
   6.1000000e+02
   6.1400000e+02
   6.1600000e+02
   6.2200000e+02
   6.2700000e+02
   6.3100000e+02
   6.3600000e+02
   6.3800000e+02
   6.4200000e+02
   6.4700000e+02
   6.5000000e+02
   6.5500000e+02
   6.5900000e+02
   6.6500000e+02
   6.6800000e+02
   6.7400000e+02
   6.7800000e+02
   6.8300000e+02
   6.8900000e+02
   6.9600000e+02
   7.0000000e+02
   7.0600000e+02
   7.1200000e+02
   7.1500000e+02
   7.2000000e+02
   7.2300000e+02
   7.2700000e+02
   7.3100000e+02
   7.3600000e+02
   7.4200000e+02
   7.4700000e+02
   7.4900000e+02
   7.5600000e+02
   7.5800000e+02
   7.6300000e+02
   7.6600000e+02
   7.7300000e+02
   7.7700000e+02
   7.8000000e+02
   7.8300000e+02
   7.9000000e+02
   7.9500000e+02
   7.9800000e+02
   8.0100000e+02
   8.0500000e+02
   8.1200000e+02
   8.1500000e+02
   8.1700000e+02
   8.2300000e+02
   8.2900000e+02
   8.3500000e+02
   8.4000000e+02
   8.4400000e+02
   8.4500000e+02
   8.4900000e+02
   8.5700000e+02
   8.6000000e+02
   8.6400000e+02
   8.7000000e+02
   8.7400000e+02
   8.8000000e+02
   8.8400000e+02
   8.8900000e+02
   8.9600000e+02
   8.9900000e+02
   9.0400000e+02
   9.0700000e+02
   9.1500000e+02
   9.1900000e+02
   9.2300000e+02
   9.2500000e+02
   9.3100000e+02
   9.3800000e+02
   9.4400000e+02
   9.4500000e+02
   9.4900000e+02
   9.5500000e+02
   9.6500000e+02
   9.6900000e+02
   9.7400000e+02
   9.7700000e+02
   9.8300000e+02
   9.8500000e+02
   9.9000000e+02
   9.9700000e+02
   1.0020000e+03
   1.0060000e+03
   1.0090000e+03
   1.0130000e+03
   1.0200000e+03
   1.0240000e+03
   1.0290000e+03
   1.0330000e+03
   1.0370000e+03
   1.0440000e+03
   1.0490000e+03
   1.0500000e+03
   1.0570000e+03
   1.0610000e+03
   1.0630000e+03
   1.0690000e+03
   1.0720000e+03
   1.0780000e+03
   1.0820000e+03
   1.0900000e+03
   1.0950000e+03
   1.1000000e+03
   1.1020000e+03
   1.1070000e+03
   1.1140000e+03
   1.1150000e+03
   1.1190000e+03
   1.1240000e+03
   1.1310000e+03
   1.1340000e+03
   1.1390000e+03
   1.1430000e+03
   1.1480000e+03
   1.1520000e+03
   1.1560000e+03
   1.1600000e+03
   1.1620000e+03
   1.1670000e+03
   1.1730000e+03
   1.1780000e+03
   1.1820000e+03
   1.1890000e+03
   1.1900000e+03
   1.1950000e+03
   1.2010000e+03
   1.2060000e+03
   1.2100000e+03
   1.2110000e+03
   1.2180000e+03
   1.2220000e+03
   1.2280000e+03
   1.2320000e+03
   1.2350000e+03
   1.2410000e+03
   1.2470000e+03
   1.2500000e+03
   1.2570000e+03
   1.2590000e+03
   1.2630000e+03
   1.2700000e+03
   1.2720000e+03
   1.2770000e+03
   1.2800000e+03
   1.2860000e+03
   1.2870000e+03
   1.2960000e+03
   1.2980000e+03
   1.3030000e+03
   1.3070000e+03
   1.3100000e+03
   1.3170000e+03
   1.3200000e+03
   1.3240000e+03
   1.3310000e+03
   1.3350000e+03
   1.3380000e+03
   1.3430000e+03
   1.3490000e+03
   1.3530000e+03
   1.3540000e+03
   1.3610000e+03
   1.3660000e+03
   1.3680000e+03
   1.3710000e+03
   1.3740000e+03
   1.3800000e+03
   1.3850000e+03
   1.3920000e+03
   1.3950000e+03
   1.4000000e+03
   1.4050000e+03
   1.4100000e+03
   1.4130000e+03
   1.4180000e+03
   1.4240000e+03
   1.4310000e+03
   1.4350000e+03
   1.4410000e+03
   1.4450000e+03
   1.4490000e+03
   1.4510000e+03
   1.4550000e+03
   1.4580000e+03
   1.4670000e+03
   1.4710000e+03
   1.4720000e+03
   1.4780000e+03
   1.4810000e+03
   1.4830000e+03
   1.4900000e+03
   1.4940000e+03
   1.4960000e+03
   1.5010000e+03
   1.5040000e+03
   1.5090000e+03
   1.5140000e+03
   1.5170000e+03
   1.5210000e+03
   1.5250000e+03
   1.5310000e+03
   1.5350000e+03
   1.5410000e+03
   1.5470000e+03
   1.5520000e+03
   1.5560000e+03
   1.5580000e+03
   1.5620000e+03
   1.5690000e+03
   1.5750000e+03
   1.5770000e+03
   1.5820000e+03
   1.5880000e+03
   1.5930000e+03
   1.6000000e+03
   1.6080000e+03
   1.6090000e+03
   1.6170000e+03
   1.6240000e+03
   1.6280000e+03
   1.6320000e+03
   1.6350000e+03
   1.6400000e+03
   1.6460000e+03
   1.6470000e+03
   1.6530000e+03
   1.6600000e+03
   1.6650000e+03
   1.6720000e+03
   1.6750000e+03
   1.6840000e+03
   1.6860000e+03
   1.6950000e+03
   1.6990000e+03
   1.7020000e+03
   1.7080000e+03
   1.7130000e+03
   1.7210000e+03
   1.7250000e+03
   1.7290000e+03
   1.7340000e+03
   1.7410000e+03
   1.7470000e+03
   1.7520000e+03
   1.7560000e+03
   1.7600000e+03
   1.7630000e+03
   1.7700000e+03
   1.7730000e+03
   1.7780000e+03
   1.7830000e+03
   1.7850000e+03
   1.7950000e+03
   1.7970000e+03
   1.8030000e+03
   1.8080000e+03
   1.8130000e+03
   1.8170000e+03
   1.8240000e+03
   1.8300000e+03
   1.8330000e+03
   1.8360000e+03
   1.8460000e+03
   1.8480000e+03
   1.8570000e+03
   1.8600000e+03
   1.8660000e+03
   1.8710000e+03
   1.8770000e+03
   1.8780000e+03
   1.8870000e+03
   1.8890000e+03
   1.8960000e+03
   1.9000000e+03
   1.9060000e+03
   1.9100000e+03
   1.9190000e+03
   1.9200000e+03
   1.9280000e+03
   1.9290000e+03
   1.9360000e+03
   1.9410000e+03
   1.9460000e+03
   1.9520000e+03
   1.9530000e+03
   1.9620000e+03
   1.9660000e+03
   1.9700000e+03
   1.9740000e+03
   1.9800000e+03
   1.9870000e+03
   1.9900000e+03
   1.9960000e+03
   1.9990000e+03
   2.0030000e+03
   2.0080000e+03
   2.0150000e+03
   2.0210000e+03
   2.0220000e+03
   2.0280000e+03
   2.0330000e+03
   2.0370000e+03
   2.0430000e+03
   2.0470000e+03
   2.0540000e+03
   2.0560000e+03
   2.0650000e+03
   2.0730000e+03
   2.0790000e+03
   2.0820000e+03
   2.0930000e+03
   2.0950000e+03
   2.1060000e+03
   2.1120000e+03
   2.1140000e+03
   2.1250000e+03
   2.1290000e+03
   2.1410000e+03
   2.1430000e+03
   2.1540000e+03
   2.1560000e+03
   2.1630000e+03
   2.1700000e+03
   2.1760000e+03
   2.1780000e+03
   2.1830000e+03
   2.1930000e+03
   2.1990000e+03
   2.2020000e+03
   2.2110000e+03
   2.2130000e+03
   2.2190000e+03
   2.2220000e+03
   2.2250000e+03
   2.2300000e+03
   2.2410000e+03
   2.2430000e+03
   2.2450000e+03
   2.2520000e+03
   2.2600000e+03
   2.2660000e+03
   2.2710000e+03
   2.2750000e+03
   2.2760000e+03
   2.2820000e+03
   2.2890000e+03
   2.2920000e+03
   2.2980000e+03
   2.2990000e+03
   2.3040000e+03
   2.3080000e+03
   2.3090000e+03
   2.3140000e+03
   2.3170000e+03
   2.3220000e+03
   2.3280000e+03
   2.3330000e+03
   2.3360000e+03
   2.3410000e+03
   2.3420000e+03
   2.3460000e+03
   2.3510000e+03
   2.3600000e+03
   2.3620000e+03
   2.3660000e+03
   2.3700000e+03
   2.3740000e+03
