   3.0000000e+00
   1.0000000e+01
   1.4000000e+01
   1.9000000e+01
   2.5000000e+01
   2.7000000e+01
   3.2000000e+01
   3.8000000e+01
   4.4000000e+01
   4.9000000e+01
   5.1000000e+01
   5.8000000e+01
   6.4000000e+01
   6.8000000e+01
   6.9000000e+01
   7.6000000e+01
   8.3000000e+01
   8.9000000e+01
   9.2000000e+01
   9.8000000e+01
   1.0400000e+02
   1.0800000e+02
   1.1400000e+02
   1.2000000e+02
   1.2500000e+02
   1.3000000e+02
   1.3800000e+02
   1.4400000e+02
   1.4900000e+02
   1.5300000e+02
   1.5800000e+02
   1.6300000e+02
   1.6900000e+02
   1.7400000e+02
   1.7800000e+02
   1.8400000e+02
   1.8700000e+02
   1.9300000e+02
   2.0000000e+02
   2.0300000e+02
   2.0700000e+02
   2.1500000e+02
   2.1900000e+02
   2.2600000e+02
   2.3000000e+02
   2.3200000e+02
   2.3800000e+02
   2.4500000e+02
   2.4800000e+02
   2.5100000e+02
   2.5800000e+02
   2.6600000e+02
   2.7100000e+02
   2.7600000e+02
   2.7900000e+02
   2.8500000e+02
   2.8900000e+02
   2.9200000e+02
   2.9700000e+02
   3.0300000e+02
   3.0700000e+02
   3.1300000e+02
   3.1800000e+02
   3.2500000e+02
   3.3000000e+02
   3.3400000e+02
   3.3900000e+02
   3.4000000e+02
   3.4700000e+02
   3.5100000e+02
   3.5900000e+02
   3.6200000e+02
   3.6600000e+02
   3.7000000e+02
   3.7900000e+02
   3.8400000e+02
   3.8700000e+02
   3.9600000e+02
   3.9700000e+02
   4.0300000e+02
   4.0900000e+02
   4.1200000e+02
   4.1800000e+02
   4.2200000e+02
   4.2700000e+02
   4.3700000e+02
   4.3900000e+02
   4.4500000e+02
   4.4700000e+02
   4.5300000e+02
   4.5600000e+02
   4.6000000e+02
   4.6400000e+02
   4.6600000e+02
   4.6900000e+02
   4.7700000e+02
   4.8000000e+02
   4.8200000e+02
   4.8800000e+02
   4.9200000e+02
   4.9500000e+02
   4.9800000e+02
   5.0400000e+02
   5.0600000e+02
   5.1100000e+02
   5.1400000e+02
   5.1800000e+02
   5.2100000e+02
   5.2500000e+02
   5.3000000e+02
   5.3200000e+02
   5.3700000e+02
   5.4400000e+02
   5.4600000e+02
   5.4800000e+02
   5.5200000e+02
   5.5700000e+02
   5.6100000e+02
   5.6600000e+02
   5.6800000e+02
   5.7300000e+02
   5.7700000e+02
   5.7900000e+02
   5.8300000e+02
   5.8500000e+02
   5.9200000e+02
   5.9600000e+02
   5.9900000e+02
   6.0600000e+02
   6.0700000e+02
   6.1100000e+02
   6.1700000e+02
   6.2100000e+02
   6.2700000e+02
   6.3100000e+02
   6.3500000e+02
   6.3800000e+02
   6.4300000e+02
   6.4500000e+02
   6.5100000e+02
   6.5700000e+02
   6.6100000e+02
   6.6200000e+02
   6.7000000e+02
   6.7300000e+02
   6.8000000e+02
   6.8500000e+02
   6.8700000e+02
   6.9400000e+02
   7.0000000e+02
   7.0700000e+02
   7.1200000e+02
   7.1500000e+02
   7.1900000e+02
   7.2300000e+02
   7.2600000e+02
   7.3400000e+02
   7.3900000e+02
   7.4000000e+02
   7.4700000e+02
   7.5200000e+02
   7.5500000e+02
   7.5800000e+02
   7.6200000e+02
   7.6800000e+02
   7.7200000e+02
   7.7700000e+02
   7.8100000e+02
   7.8500000e+02
   7.9100000e+02
   7.9200000e+02
   7.9700000e+02
   8.0100000e+02
   8.0700000e+02
   8.0900000e+02
   8.1700000e+02
   8.1900000e+02
   8.2400000e+02
   8.2900000e+02
   8.3400000e+02
   8.4000000e+02
   8.4200000e+02
   8.4600000e+02
   8.5200000e+02
   8.5400000e+02
   8.6000000e+02
   8.6500000e+02
   8.6800000e+02
   8.7300000e+02
   8.8200000e+02
   8.8700000e+02
   8.9200000e+02
   8.9400000e+02
   8.9700000e+02
   9.0100000e+02
   9.0700000e+02
   9.1100000e+02
   9.1900000e+02
   9.2500000e+02
   9.2600000e+02
   9.3000000e+02
   9.3500000e+02
   9.4400000e+02
   9.4800000e+02
   9.5100000e+02
   9.5500000e+02
   9.6100000e+02
   9.6600000e+02
   9.7100000e+02
   9.7700000e+02
   9.8000000e+02
   9.8800000e+02
   9.9200000e+02
   9.9700000e+02
   9.9900000e+02
   1.0050000e+03
   1.0080000e+03
   1.0170000e+03
   1.0210000e+03
   1.0270000e+03
   1.0290000e+03
   1.0340000e+03
   1.0400000e+03
   1.0420000e+03
   1.0470000e+03
   1.0490000e+03
   1.0530000e+03
   1.0580000e+03
   1.0660000e+03
   1.0680000e+03
   1.0720000e+03
   1.0770000e+03
   1.0830000e+03
   1.0880000e+03
   1.0930000e+03
   1.1000000e+03
   1.1030000e+03
   1.1090000e+03
   1.1120000e+03
   1.1150000e+03
   1.1210000e+03
   1.1270000e+03
   1.1290000e+03
   1.1350000e+03
   1.1400000e+03
   1.1420000e+03
   1.1480000e+03
   1.1500000e+03
   1.1570000e+03
   1.1610000e+03
   1.1650000e+03
   1.1690000e+03
   1.1730000e+03
   1.1750000e+03
   1.1820000e+03
   1.1880000e+03
   1.1900000e+03
   1.1950000e+03
   1.1980000e+03
   1.2050000e+03
   1.2090000e+03
   1.2110000e+03
   1.2170000e+03
   1.2240000e+03
   1.2290000e+03
   1.2300000e+03
   1.2360000e+03
   1.2440000e+03
   1.2460000e+03
   1.2510000e+03
   1.2570000e+03
   1.2610000e+03
   1.2640000e+03
   1.2660000e+03
   1.2740000e+03
   1.2760000e+03
   1.2820000e+03
   1.2830000e+03
   1.2880000e+03
   1.2920000e+03
   1.2980000e+03
   1.3000000e+03
   1.3060000e+03
   1.3110000e+03
   1.3140000e+03
   1.3180000e+03
   1.3240000e+03
   1.3320000e+03
   1.3350000e+03
   1.3370000e+03
   1.3450000e+03
   1.3460000e+03
   1.3530000e+03
   1.3570000e+03
   1.3580000e+03
   1.3650000e+03
   1.3670000e+03
   1.3720000e+03
   1.3750000e+03
   1.3780000e+03
   1.3850000e+03
   1.3910000e+03
   1.3940000e+03
   1.4020000e+03
   1.4050000e+03
   1.4080000e+03
   1.4150000e+03
   1.4180000e+03
   1.4250000e+03
   1.4280000e+03
   1.4340000e+03
   1.4390000e+03
   1.4420000e+03
   1.4490000e+03
   1.4500000e+03
   1.4540000e+03
   1.4620000e+03
   1.4670000e+03
   1.4680000e+03
   1.4720000e+03
   1.4760000e+03
   1.4820000e+03
   1.4850000e+03
   1.4910000e+03
   1.4950000e+03
   1.4980000e+03
   1.5000000e+03
   1.5050000e+03
   1.5090000e+03
   1.5150000e+03
   1.5160000e+03
   1.5220000e+03
   1.5250000e+03
   1.5290000e+03
   1.5340000e+03
   1.5400000e+03
   1.5430000e+03
   1.5480000e+03
   1.5560000e+03
   1.5600000e+03
   1.5640000e+03
   1.5690000e+03
   1.5720000e+03
   1.5810000e+03
   1.5820000e+03
   1.5880000e+03
   1.5940000e+03
   1.5990000e+03
   1.6060000e+03
   1.6080000e+03
   1.6130000e+03
   1.6240000e+03
   1.6260000e+03
   1.6300000e+03
   1.6360000e+03
   1.6380000e+03
   1.6460000e+03
   1.6510000e+03
   1.6580000e+03
   1.6630000e+03
   1.6650000e+03
   1.6680000e+03
   1.6780000e+03
   1.6810000e+03
   1.6860000e+03
   1.6910000e+03
   1.7000000e+03
   1.7030000e+03
   1.7110000e+03
   1.7160000e+03
   1.7180000e+03
   1.7230000e+03
   1.7280000e+03
   1.7340000e+03
   1.7370000e+03
   1.7440000e+03
   1.7490000e+03
   1.7540000e+03
   1.7600000e+03
   1.7620000e+03
   1.7670000e+03
   1.7720000e+03
   1.7760000e+03
   1.7820000e+03
   1.7850000e+03
   1.7910000e+03
   1.7990000e+03
   1.8020000e+03
   1.8120000e+03
   1.8130000e+03
   1.8190000e+03
   1.8260000e+03
   1.8280000e+03
   1.8320000e+03
   1.8360000e+03
   1.8410000e+03
   1.8490000e+03
   1.8570000e+03
   1.8630000e+03
   1.8660000e+03
   1.8710000e+03
   1.8780000e+03
   1.8790000e+03
   1.8860000e+03
   1.8890000e+03
   1.8980000e+03
   1.8990000e+03
   1.9070000e+03
   1.9120000e+03
   1.9160000e+03
   1.9220000e+03
   1.9260000e+03
   1.9310000e+03
   1.9350000e+03
   1.9410000e+03
   1.9440000e+03
   1.9510000e+03
   1.9550000e+03
   1.9580000e+03
   1.9640000e+03
   1.9710000e+03
   1.9760000e+03
   1.9820000e+03
   1.9880000e+03
   1.9890000e+03
   1.9930000e+03
   2.0010000e+03
   2.0050000e+03
   2.0090000e+03
   2.0140000e+03
   2.0170000e+03
   2.0260000e+03
   2.0270000e+03
   2.0320000e+03
   2.0390000e+03
   2.0420000e+03
   2.0470000e+03
   2.0500000e+03
   2.0560000e+03
   2.0650000e+03
   2.0700000e+03
   2.0790000e+03
   2.0850000e+03
   2.0930000e+03
   2.0970000e+03
   2.1010000e+03
   2.1090000e+03
   2.1150000e+03
   2.1270000e+03
   2.1300000e+03
   2.1370000e+03
   2.1420000e+03
   2.1530000e+03
   2.1550000e+03
   2.1660000e+03
   2.1710000e+03
   2.1770000e+03
   2.1830000e+03
   2.1840000e+03
   2.1940000e+03
   2.2000000e+03
   2.2040000e+03
   2.2110000e+03
   2.2120000e+03
   2.2180000e+03
   2.2210000e+03
   2.2280000e+03
   2.2350000e+03
   2.2370000e+03
   2.2410000e+03
   2.2500000e+03
   2.2510000e+03
   2.2600000e+03
   2.2640000e+03
   2.2710000e+03
   2.2740000e+03
   2.2780000e+03
   2.2810000e+03
   2.2890000e+03
   2.2930000e+03
   2.2940000e+03
   2.3010000e+03
   2.3030000e+03
   2.3060000e+03
   2.3120000e+03
   2.3130000e+03
   2.3170000e+03
   2.3230000e+03
   2.3280000e+03
   2.3310000e+03
   2.3330000e+03
   2.3360000e+03
   2.3440000e+03
   2.3490000e+03
   2.3510000e+03
   2.3600000e+03
   2.3640000e+03
   2.3680000e+03
   2.3690000e+03
   2.3760000e+03
