   5.0000000e+00
   1.1000000e+01
   1.2000000e+01
   1.9000000e+01
   2.5000000e+01
   2.9000000e+01
   3.2000000e+01
   3.9000000e+01
   4.4000000e+01
   4.9000000e+01
   5.0000000e+01
   5.9000000e+01
   6.1000000e+01
   6.6000000e+01
   7.0000000e+01
   7.8000000e+01
   8.1000000e+01
   8.5000000e+01
   9.2000000e+01
   9.8000000e+01
   1.0100000e+02
   1.0600000e+02
   1.1500000e+02
   1.1800000e+02
   1.2800000e+02
   1.3200000e+02
   1.3800000e+02
   1.4300000e+02
   1.4900000e+02
   1.5200000e+02
   1.5700000e+02
   1.6400000e+02
   1.6900000e+02
   1.7500000e+02
   1.7800000e+02
   1.8000000e+02
   1.8600000e+02
   1.9300000e+02
   2.0100000e+02
   2.0400000e+02
   2.0600000e+02
   2.1400000e+02
   2.2000000e+02
   2.2600000e+02
   2.2800000e+02
   2.3100000e+02
   2.3600000e+02
   2.4400000e+02
   2.4700000e+02
   2.5100000e+02
   2.6100000e+02
   2.6400000e+02
   2.7100000e+02
   2.7200000e+02
   2.8100000e+02
   2.8500000e+02
   2.8700000e+02
   2.9500000e+02
   2.9800000e+02
   3.0100000e+02
   3.0500000e+02
   3.1100000e+02
   3.1600000e+02
   3.2100000e+02
   3.3000000e+02
   3.3500000e+02
   3.3800000e+02
   3.4200000e+02
   3.4900000e+02
   3.5300000e+02
   3.5600000e+02
   3.6500000e+02
   3.6600000e+02
   3.7300000e+02
   3.7500000e+02
   3.8000000e+02
   3.8900000e+02
   3.9100000e+02
   3.9900000e+02
   4.0200000e+02
   4.1100000e+02
   4.1600000e+02
   4.1700000e+02
   4.2600000e+02
   4.3200000e+02
   4.3600000e+02
   4.3800000e+02
   4.4200000e+02
   4.4700000e+02
   4.5100000e+02
   4.5700000e+02
   4.5900000e+02
   4.6400000e+02
   4.6600000e+02
   4.6900000e+02
   4.7700000e+02
   4.8100000e+02
   4.8400000e+02
   4.8700000e+02
   4.9000000e+02
   4.9300000e+02
   4.9900000e+02
   5.0400000e+02
   5.0700000e+02
   5.1100000e+02
   5.1500000e+02
   5.2000000e+02
   5.2300000e+02
   5.2600000e+02
   5.3000000e+02
   5.3300000e+02
   5.3800000e+02
   5.4000000e+02
   5.4400000e+02
   5.4800000e+02
   5.5500000e+02
   5.5600000e+02
   5.6100000e+02
   5.6400000e+02
   5.6600000e+02
   5.7300000e+02
   5.7700000e+02
   5.7800000e+02
   5.8200000e+02
   5.8800000e+02
   5.8900000e+02
   5.9600000e+02
   5.9800000e+02
   6.0300000e+02
   6.1000000e+02
   6.1200000e+02
   6.1600000e+02
   6.2400000e+02
   6.2700000e+02
   6.3200000e+02
   6.3300000e+02
   6.3600000e+02
   6.4100000e+02
   6.4700000e+02
   6.5100000e+02
   6.5600000e+02
   6.6100000e+02
   6.6700000e+02
   6.7100000e+02
   6.7300000e+02
   6.8000000e+02
   6.8300000e+02
   6.8700000e+02
   6.9700000e+02
   6.9900000e+02
   7.0600000e+02
   7.1200000e+02
   7.1600000e+02
   7.2100000e+02
   7.2600000e+02
   7.3000000e+02
   7.3500000e+02
   7.3900000e+02
   7.4200000e+02
   7.4500000e+02
   7.5000000e+02
   7.5300000e+02
   7.6000000e+02
   7.6100000e+02
   7.6600000e+02
   7.7100000e+02
   7.7700000e+02
   7.8000000e+02
   7.8400000e+02
   7.9100000e+02
   7.9500000e+02
   7.9900000e+02
   8.0300000e+02
   8.0800000e+02
   8.0900000e+02
   8.1400000e+02
   8.1700000e+02
   8.2400000e+02
   8.2700000e+02
   8.3300000e+02
   8.4000000e+02
   8.4400000e+02
   8.4700000e+02
   8.5200000e+02
   8.5600000e+02
   8.5900000e+02
   8.6700000e+02
   8.7000000e+02
   8.7500000e+02
   8.7900000e+02
   8.8700000e+02
   8.9200000e+02
   8.9600000e+02
   8.9800000e+02
   9.0400000e+02
   9.0900000e+02
   9.1100000e+02
   9.1700000e+02
   9.2300000e+02
   9.2900000e+02
   9.3300000e+02
   9.3500000e+02
   9.4100000e+02
   9.4700000e+02
   9.5000000e+02
   9.6000000e+02
   9.6300000e+02
   9.7000000e+02
   9.7200000e+02
   9.7500000e+02
   9.8200000e+02
   9.8400000e+02
   9.9300000e+02
   9.9800000e+02
   1.0020000e+03
   1.0060000e+03
   1.0120000e+03
   1.0130000e+03
   1.0210000e+03
   1.0260000e+03
   1.0300000e+03
   1.0360000e+03
   1.0380000e+03
   1.0430000e+03
   1.0460000e+03
   1.0520000e+03
   1.0560000e+03
   1.0600000e+03
   1.0660000e+03
   1.0700000e+03
   1.0710000e+03
   1.0800000e+03
   1.0810000e+03
   1.0890000e+03
   1.0930000e+03
   1.0980000e+03
   1.1020000e+03
   1.1080000e+03
   1.1140000e+03
   1.1160000e+03
   1.1230000e+03
   1.1270000e+03
   1.1300000e+03
   1.1370000e+03
   1.1400000e+03
   1.1410000e+03
   1.1470000e+03
   1.1500000e+03
   1.1560000e+03
   1.1600000e+03
   1.1630000e+03
   1.1660000e+03
   1.1720000e+03
   1.1780000e+03
   1.1840000e+03
   1.1890000e+03
   1.1910000e+03
   1.1950000e+03
   1.2020000e+03
   1.2050000e+03
   1.2070000e+03
   1.2110000e+03
   1.2190000e+03
   1.2240000e+03
   1.2280000e+03
   1.2300000e+03
   1.2360000e+03
   1.2400000e+03
   1.2470000e+03
   1.2520000e+03
   1.2550000e+03
   1.2600000e+03
   1.2620000e+03
   1.2680000e+03
   1.2700000e+03
   1.2780000e+03
   1.2820000e+03
   1.2860000e+03
   1.2870000e+03
   1.2940000e+03
   1.2970000e+03
   1.3020000e+03
   1.3040000e+03
   1.3110000e+03
   1.3130000e+03
   1.3180000e+03
   1.3270000e+03
   1.3280000e+03
   1.3360000e+03
   1.3370000e+03
   1.3420000e+03
   1.3460000e+03
   1.3520000e+03
   1.3540000e+03
   1.3580000e+03
   1.3630000e+03
   1.3690000e+03
   1.3720000e+03
   1.3780000e+03
   1.3800000e+03
   1.3840000e+03
   1.3910000e+03
   1.3970000e+03
   1.4020000e+03
   1.4050000e+03
   1.4080000e+03
   1.4120000e+03
   1.4170000e+03
   1.4260000e+03
   1.4280000e+03
   1.4360000e+03
   1.4420000e+03
   1.4440000e+03
   1.4490000e+03
   1.4500000e+03
   1.4560000e+03
   1.4620000e+03
   1.4630000e+03
   1.4690000e+03
   1.4720000e+03
   1.4790000e+03
   1.4800000e+03
   1.4850000e+03
   1.4870000e+03
   1.4940000e+03
   1.4950000e+03
   1.5020000e+03
   1.5030000e+03
   1.5080000e+03
   1.5150000e+03
   1.5170000e+03
   1.5230000e+03
   1.5260000e+03
   1.5310000e+03
   1.5360000e+03
   1.5420000e+03
   1.5440000e+03
   1.5500000e+03
   1.5560000e+03
   1.5600000e+03
   1.5620000e+03
   1.5690000e+03
   1.5710000e+03
   1.5790000e+03
   1.5820000e+03
   1.5910000e+03
   1.5930000e+03
   1.5990000e+03
   1.6030000e+03
   1.6080000e+03
   1.6150000e+03
   1.6180000e+03
   1.6240000e+03
   1.6310000e+03
   1.6360000e+03
   1.6420000e+03
   1.6470000e+03
   1.6520000e+03
   1.6560000e+03
   1.6580000e+03
   1.6660000e+03
   1.6690000e+03
   1.6790000e+03
   1.6830000e+03
   1.6890000e+03
   1.6950000e+03
   1.6980000e+03
   1.7030000e+03
   1.7080000e+03
   1.7120000e+03
   1.7170000e+03
   1.7250000e+03
   1.7310000e+03
   1.7360000e+03
   1.7390000e+03
   1.7460000e+03
   1.7470000e+03
   1.7540000e+03
   1.7600000e+03
   1.7610000e+03
   1.7660000e+03
   1.7710000e+03
   1.7780000e+03
   1.7800000e+03
   1.7850000e+03
   1.7910000e+03
   1.7970000e+03
   1.8060000e+03
   1.8110000e+03
   1.8140000e+03
   1.8160000e+03
   1.8270000e+03
   1.8300000e+03
   1.8320000e+03
   1.8380000e+03
   1.8450000e+03
   1.8500000e+03
   1.8550000e+03
   1.8590000e+03
   1.8660000e+03
   1.8720000e+03
   1.8750000e+03
   1.8810000e+03
   1.8850000e+03
   1.8890000e+03
   1.8930000e+03
   1.9010000e+03
   1.9050000e+03
   1.9090000e+03
   1.9170000e+03
   1.9220000e+03
   1.9250000e+03
   1.9310000e+03
   1.9370000e+03
   1.9400000e+03
   1.9470000e+03
   1.9490000e+03
   1.9540000e+03
   1.9610000e+03
   1.9650000e+03
   1.9690000e+03
   1.9760000e+03
   1.9810000e+03
   1.9880000e+03
   1.9890000e+03
   1.9950000e+03
   2.0010000e+03
   2.0040000e+03
   2.0090000e+03
   2.0150000e+03
   2.0200000e+03
   2.0230000e+03
   2.0300000e+03
   2.0340000e+03
   2.0390000e+03
   2.0430000e+03
   2.0450000e+03
   2.0550000e+03
   2.0590000e+03
   2.0670000e+03
   2.0710000e+03
   2.0740000e+03
   2.0860000e+03
   2.0890000e+03
   2.0970000e+03
   2.1010000e+03
   2.1130000e+03
   2.1200000e+03
   2.1220000e+03
   2.1280000e+03
   2.1400000e+03
   2.1420000e+03
   2.1490000e+03
   2.1560000e+03
   2.1630000e+03
   2.1670000e+03
   2.1750000e+03
   2.1790000e+03
   2.1870000e+03
   2.1950000e+03
   2.1990000e+03
   2.2050000e+03
   2.2120000e+03
   2.2150000e+03
   2.2180000e+03
   2.2230000e+03
   2.2270000e+03
   2.2350000e+03
   2.2380000e+03
   2.2430000e+03
   2.2470000e+03
   2.2540000e+03
   2.2570000e+03
   2.2650000e+03
   2.2700000e+03
   2.2720000e+03
   2.2770000e+03
   2.2820000e+03
   2.2850000e+03
   2.2930000e+03
   2.2950000e+03
   2.3010000e+03
   2.3050000e+03
   2.3090000e+03
   2.3100000e+03
   2.3130000e+03
   2.3160000e+03
   2.3220000e+03
   2.3260000e+03
   2.3320000e+03
   2.3350000e+03
   2.3380000e+03
   2.3440000e+03
   2.3460000e+03
   2.3510000e+03
   2.3580000e+03
   2.3630000e+03
   2.3650000e+03
   2.3720000e+03
   2.3760000e+03
