   5.0000000e+00
   7.0000000e+00
   1.2000000e+01
   1.9000000e+01
   2.5000000e+01
   3.1000000e+01
   3.2000000e+01
   3.7000000e+01
   4.4000000e+01
   4.9000000e+01
   5.2000000e+01
   5.5000000e+01
   6.0000000e+01
   6.7000000e+01
   7.4000000e+01
   7.8000000e+01
   8.2000000e+01
   8.9000000e+01
   9.0000000e+01
   9.7000000e+01
   1.0200000e+02
   1.0500000e+02
   1.1500000e+02
   1.2100000e+02
   1.2700000e+02
   1.3300000e+02
   1.3800000e+02
   1.4300000e+02
   1.4400000e+02
   1.5200000e+02
   1.5600000e+02
   1.6100000e+02
   1.6600000e+02
   1.7100000e+02
   1.7800000e+02
   1.8000000e+02
   1.9000000e+02
   1.9100000e+02
   2.0100000e+02
   2.0300000e+02
   2.1100000e+02
   2.1500000e+02
   2.1800000e+02
   2.2600000e+02
   2.2900000e+02
   2.3400000e+02
   2.4100000e+02
   2.4500000e+02
   2.4700000e+02
   2.5400000e+02
   2.5700000e+02
   2.6400000e+02
   2.6700000e+02
   2.7500000e+02
   2.8100000e+02
   2.8300000e+02
   2.9100000e+02
   2.9600000e+02
   2.9800000e+02
   3.0200000e+02
   3.0600000e+02
   3.1400000e+02
   3.1600000e+02
   3.2500000e+02
   3.3000000e+02
   3.3200000e+02
   3.3800000e+02
   3.4300000e+02
   3.4700000e+02
   3.5300000e+02
   3.5900000e+02
   3.6300000e+02
   3.6500000e+02
   3.7200000e+02
   3.7500000e+02
   3.8300000e+02
   3.8600000e+02
   3.9600000e+02
   3.9800000e+02
   4.0600000e+02
   4.1100000e+02
   4.1600000e+02
   4.2200000e+02
   4.2500000e+02
   4.3100000e+02
   4.3600000e+02
   4.4000000e+02
   4.4300000e+02
   4.5000000e+02
   4.5300000e+02
   4.5600000e+02
   4.6000000e+02
   4.6300000e+02
   4.6500000e+02
   4.7200000e+02
   4.7500000e+02
   4.7800000e+02
   4.8300000e+02
   4.8600000e+02
   4.9000000e+02
   4.9500000e+02
   5.0000000e+02
   5.0500000e+02
   5.0700000e+02
   5.0900000e+02
   5.1500000e+02
   5.1800000e+02
   5.2300000e+02
   5.2500000e+02
   5.3100000e+02
   5.3400000e+02
   5.4000000e+02
   5.4100000e+02
   5.4400000e+02
   5.4800000e+02
   5.5300000e+02
   5.5800000e+02
   5.6000000e+02
   5.6500000e+02
   5.6900000e+02
   5.7200000e+02
   5.7400000e+02
   5.7900000e+02
   5.8300000e+02
   5.8600000e+02
   5.9100000e+02
   5.9200000e+02
   6.0000000e+02
   6.0400000e+02
   6.1000000e+02
   6.1400000e+02
   6.1600000e+02
   6.2300000e+02
   6.2800000e+02
   6.2900000e+02
   6.3400000e+02
   6.3800000e+02
   6.4300000e+02
   6.4800000e+02
   6.5100000e+02
   6.5400000e+02
   6.5900000e+02
   6.6600000e+02
   6.7200000e+02
   6.7400000e+02
   6.8000000e+02
   6.8500000e+02
   6.8700000e+02
   6.9400000e+02
   7.0000000e+02
   7.0300000e+02
   7.0800000e+02
   7.1500000e+02
   7.1900000e+02
   7.2500000e+02
   7.3000000e+02
   7.3500000e+02
   7.3900000e+02
   7.4300000e+02
   7.4800000e+02
   7.5200000e+02
   7.5600000e+02
   7.5700000e+02
   7.6300000e+02
   7.6500000e+02
   7.7100000e+02
   7.7800000e+02
   7.8100000e+02
   7.8200000e+02
   7.8700000e+02
   7.9500000e+02
   7.9700000e+02
   8.0200000e+02
   8.0500000e+02
   8.0900000e+02
   8.1300000e+02
   8.2100000e+02
   8.2300000e+02
   8.2800000e+02
   8.3400000e+02
   8.4000000e+02
   8.4300000e+02
   8.4800000e+02
   8.5200000e+02
   8.5300000e+02
   8.6200000e+02
   8.6600000e+02
   8.7000000e+02
   8.7300000e+02
   8.8000000e+02
   8.8600000e+02
   8.8800000e+02
   8.9500000e+02
   8.9800000e+02
   9.0400000e+02
   9.0800000e+02
   9.1500000e+02
   9.1900000e+02
   9.2400000e+02
   9.2600000e+02
   9.3100000e+02
   9.3400000e+02
   9.4100000e+02
   9.4900000e+02
   9.5300000e+02
   9.5800000e+02
   9.6500000e+02
   9.7000000e+02
   9.7200000e+02
   9.7500000e+02
   9.8100000e+02
   9.8600000e+02
   9.9000000e+02
   9.9400000e+02
   9.9800000e+02
   1.0030000e+03
   1.0110000e+03
   1.0180000e+03
   1.0220000e+03
   1.0230000e+03
   1.0320000e+03
   1.0330000e+03
   1.0410000e+03
   1.0450000e+03
   1.0490000e+03
   1.0520000e+03
   1.0560000e+03
   1.0600000e+03
   1.0650000e+03
   1.0700000e+03
   1.0740000e+03
   1.0800000e+03
   1.0830000e+03
   1.0860000e+03
   1.0920000e+03
   1.0990000e+03
   1.1020000e+03
   1.1090000e+03
   1.1120000e+03
   1.1160000e+03
   1.1210000e+03
   1.1270000e+03
   1.1300000e+03
   1.1360000e+03
   1.1380000e+03
   1.1430000e+03
   1.1480000e+03
   1.1510000e+03
   1.1550000e+03
   1.1590000e+03
   1.1630000e+03
   1.1690000e+03
   1.1710000e+03
   1.1780000e+03
   1.1820000e+03
   1.1890000e+03
   1.1910000e+03
   1.1950000e+03
   1.2000000e+03
   1.2050000e+03
   1.2100000e+03
   1.2120000e+03
   1.2180000e+03
   1.2210000e+03
   1.2280000e+03
   1.2310000e+03
   1.2390000e+03
   1.2430000e+03
   1.2450000e+03
   1.2530000e+03
   1.2580000e+03
   1.2610000e+03
   1.2650000e+03
   1.2660000e+03
   1.2720000e+03
   1.2760000e+03
   1.2800000e+03
   1.2840000e+03
   1.2880000e+03
   1.2950000e+03
   1.2990000e+03
   1.3010000e+03
   1.3050000e+03
   1.3090000e+03
   1.3170000e+03
   1.3180000e+03
   1.3240000e+03
   1.3290000e+03
   1.3370000e+03
   1.3390000e+03
   1.3440000e+03
   1.3480000e+03
   1.3520000e+03
   1.3560000e+03
   1.3580000e+03
   1.3630000e+03
   1.3700000e+03
   1.3710000e+03
   1.3750000e+03
   1.3800000e+03
   1.3860000e+03
   1.3910000e+03
   1.3930000e+03
   1.4020000e+03
   1.4030000e+03
   1.4070000e+03
   1.4130000e+03
   1.4210000e+03
   1.4260000e+03
   1.4270000e+03
   1.4350000e+03
   1.4410000e+03
   1.4430000e+03
   1.4470000e+03
   1.4500000e+03
   1.4560000e+03
   1.4610000e+03
   1.4650000e+03
   1.4670000e+03
   1.4750000e+03
   1.4770000e+03
   1.4810000e+03
   1.4860000e+03
   1.4880000e+03
   1.4940000e+03
   1.4980000e+03
   1.5000000e+03
   1.5030000e+03
   1.5100000e+03
   1.5110000e+03
   1.5190000e+03
   1.5230000e+03
   1.5260000e+03
   1.5310000e+03
   1.5380000e+03
   1.5410000e+03
   1.5430000e+03
   1.5500000e+03
   1.5570000e+03
   1.5590000e+03
   1.5650000e+03
   1.5700000e+03
   1.5720000e+03
   1.5800000e+03
   1.5830000e+03
   1.5870000e+03
   1.5920000e+03
   1.5990000e+03
   1.6040000e+03
   1.6120000e+03
   1.6140000e+03
   1.6210000e+03
   1.6260000e+03
   1.6300000e+03
   1.6360000e+03
   1.6410000e+03
   1.6450000e+03
   1.6480000e+03
   1.6580000e+03
   1.6640000e+03
   1.6660000e+03
   1.6690000e+03
   1.6750000e+03
   1.6840000e+03
   1.6860000e+03
   1.6960000e+03
   1.6990000e+03
   1.7070000e+03
   1.7110000e+03
   1.7120000e+03
   1.7190000e+03
   1.7240000e+03
   1.7290000e+03
   1.7330000e+03
   1.7400000e+03
   1.7440000e+03
   1.7510000e+03
   1.7530000e+03
   1.7590000e+03
   1.7630000e+03
   1.7670000e+03
   1.7740000e+03
   1.7750000e+03
   1.7840000e+03
   1.7900000e+03
   1.7930000e+03
   1.8000000e+03
   1.8020000e+03
   1.8120000e+03
   1.8140000e+03
   1.8200000e+03
   1.8260000e+03
   1.8270000e+03
   1.8310000e+03
   1.8390000e+03
   1.8430000e+03
   1.8510000e+03
   1.8530000e+03
   1.8600000e+03
   1.8650000e+03
   1.8720000e+03
   1.8760000e+03
   1.8810000e+03
   1.8870000e+03
   1.8900000e+03
   1.8950000e+03
   1.9010000e+03
   1.9040000e+03
   1.9110000e+03
   1.9160000e+03
   1.9210000e+03
   1.9250000e+03
   1.9300000e+03
   1.9360000e+03
   1.9390000e+03
   1.9450000e+03
   1.9490000e+03
   1.9570000e+03
   1.9580000e+03
   1.9630000e+03
   1.9730000e+03
   1.9770000e+03
   1.9810000e+03
   1.9850000e+03
   1.9910000e+03
   1.9950000e+03
   2.0000000e+03
   2.0060000e+03
   2.0070000e+03
   2.0140000e+03
   2.0190000e+03
   2.0260000e+03
   2.0290000e+03
   2.0310000e+03
   2.0350000e+03
   2.0440000e+03
   2.0450000e+03
   2.0530000e+03
   2.0580000e+03
   2.0650000e+03
   2.0730000e+03
   2.0780000e+03
   2.0820000e+03
   2.0880000e+03
   2.0950000e+03
   2.1020000e+03
   2.1110000e+03
   2.1130000e+03
   2.1220000e+03
   2.1290000e+03
   2.1360000e+03
   2.1470000e+03
   2.1540000e+03
   2.1560000e+03
   2.1650000e+03
   2.1710000e+03
   2.1760000e+03
   2.1820000e+03
   2.1870000e+03
   2.1900000e+03
   2.1990000e+03
   2.2060000e+03
   2.2100000e+03
   2.2130000e+03
   2.2190000e+03
   2.2220000e+03
   2.2270000e+03
   2.2330000e+03
   2.2380000e+03
   2.2450000e+03
   2.2500000e+03
   2.2520000e+03
   2.2560000e+03
   2.2650000e+03
   2.2680000e+03
   2.2730000e+03
   2.2780000e+03
   2.2810000e+03
   2.2860000e+03
   2.2910000e+03
   2.2940000e+03
   2.3010000e+03
   2.3020000e+03
   2.3070000e+03
   2.3090000e+03
   2.3150000e+03
   2.3180000e+03
   2.3210000e+03
   2.3250000e+03
   2.3320000e+03
   2.3360000e+03
   2.3390000e+03
   2.3420000e+03
   2.3490000e+03
   2.3530000e+03
   2.3590000e+03
   2.3600000e+03
   2.3680000e+03
   2.3710000e+03
   2.3740000e+03
