  -4.8577017e+00  -2.9035842e+00
   6.3319504e+00   1.7578100e+00
   5.4560424e+00   3.7796679e+00
   6.0927558e+00   1.2213286e+00
   6.3037137e+00   1.2614008e+00
  -7.5139698e-01   1.8634032e+00
  -5.1716724e+00  -4.6929409e+00
   5.9015805e+00   9.0723188e-01
  -8.1977442e-02  -1.3337474e+00
   4.4606485e-01   2.2922621e+00
   5.2931701e+00   7.8472971e-01
  -5.4960770e-01   1.5054530e+00
  -4.3239259e+00  -7.1074413e-01
   2.3885640e+00  -1.4935162e+00
   3.4851416e-01  -1.2311900e+00
  -3.1598977e+00   5.7934665e-01
   1.0093968e+00  -1.0725135e+00
   8.2326038e-01   1.8872946e+00
   5.2270246e+00   5.3593636e+00
  -5.4938857e+00  -5.2183991e+00
   6.2221830e+00   9.0107177e-01
  -8.3527709e-01   1.3507319e+00
   4.1135460e+00  -9.7232163e-01
  -5.6797540e+00  -2.7522483e+00
   5.8663431e+00   4.4779544e+00
  -3.2209582e+00  -1.6586840e-01
  -1.1209307e+00   1.6902650e+00
   6.1039404e+00   2.0961299e+00
  -3.9793494e+00  -1.6938161e-01
  -5.0854271e+00  -3.8184916e+00
  -4.7468068e+00  -4.9437395e+00
  -6.9711519e-01  -1.7558215e+00
   5.2386520e+00   6.5968725e-01
   5.6436929e+00   4.7265222e+00
   6.1527333e+00   4.1363980e+00
  -1.7908763e-03  -1.0883262e+00
   4.5881103e+00   5.8760272e+00
   5.8302484e+00   3.1349610e+00
   5.8770967e+00   2.6471164e+00
  -1.0055784e+00   1.6296441e+00
   6.4532624e+00   1.8745988e+00
  -3.0085242e+00   1.2428524e+00
  -3.3501563e+00   2.0779435e-01
   6.3051478e+00   1.8586305e+00
  -5.3344630e+00  -5.1476656e+00
   5.3562989e+00   1.6011653e+00
  -7.9770562e-02  -1.8551854e+00
  -5.8057072e+00  -4.5823497e+00
   4.8349824e+00  -3.3990474e-01
   4.4570344e+00  -1.0707761e+00
   2.0551057e+00  -1.2005818e+00
  -5.4362567e+00  -4.6292877e+00
  -5.2866563e+00  -5.6266706e+00
  -4.8963156e+00  -6.2218463e-01
  -6.3870290e-02   1.7831853e+00
  -3.7858505e+00  -1.8808641e-01
  -4.2277567e+00  -9.6936462e-01
  -3.0205078e+00   1.1725357e+00
   4.5962617e+00  -2.2006273e-01
  -4.2815925e-01  -1.5134105e+00
   5.7799896e+00   2.2079989e+00
  -4.2869073e+00  -4.9286597e-03
  -5.5735466e+00  -4.3481951e+00
   1.5621258e-01  -2.0072686e+00
  -5.3862842e+00  -2.4504394e+00
   5.1032426e+00   2.0120897e-01
   5.4582018e+00   5.3397131e+00
   4.5923909e+00   2.3823445e-01
   4.6988535e+00   1.6255745e-01
   5.3763982e+00   4.1371863e+00
  -4.8071086e+00  -1.4929266e+00
  -1.5845699e+00   2.1743417e+00
   5.5074387e+00  -2.6572534e-01
   5.9221959e+00   9.4747556e-01
  -8.4881582e-01   1.7816805e+00
  -4.8759056e+00  -2.5708366e+00
   5.6260526e+00   1.5338836e-01
  -5.6565869e+00  -3.7110684e+00
  -1.2364775e+00   1.9941851e+00
   6.5842426e+00   2.6535626e+00
   4.5657933e+00   7.1546648e-02
  -8.7320194e-01  -1.6371007e+00
  -4.7893075e+00  -1.3343842e+00
  -3.6253491e+00  -6.6609462e-01
   1.0489905e-01  -1.5429102e+00
   5.7763935e+00   3.8749482e-01
   4.1698538e+00  -7.9924216e-01
   5.2942157e+00   5.8360407e+00
   5.6477415e+00   2.3743878e+00
  -2.2091712e+00   9.4050909e-01
   4.7393665e+00   6.1444138e+00
  -5.1222164e+00  -5.0872290e+00
   5.1727801e+00   6.2958289e+00
   5.2501116e+00   1.3715285e+00
   5.6240867e-01   1.4698027e+00
   6.1107464e+00   3.8521449e+00
   7.9118572e-01  -2.1957499e+00
   4.5797123e+00   4.3059822e-03
  -1.8908866e+00   9.7860124e-01
  -4.4905424e+00  -1.4927717e+00
   5.9748475e+00   7.8892276e-01
   5.6045328e+00   1.1500961e+00
  -5.9903523e+00  -3.0136137e+00
  -4.2033375e+00  -1.2275183e+00
   5.3954062e+00   5.8959222e+00
   5.1963010e+00   6.5860565e+00
  -5.9411842e+00  -4.5158274e+00
   4.0323467e+00  -1.1186611e+00
   2.9877385e+00  -1.3839626e+00
   4.6539710e+00  -4.8024662e-02
  -5.8183362e+00  -2.9716888e+00
   4.7195730e+00  -1.1032577e+00
   6.7115678e-01   1.2297893e+00
   5.3724933e+00   4.5338830e+00
  -2.6139523e+00   1.5112866e+00
  -2.1131088e+00   1.6467214e+00
  -1.6512043e+00  -9.1560328e-01
   2.2387064e-01   1.9608557e+00
   3.0539634e-01   1.2841529e+00
  -5.4781779e+00  -5.5000018e+00
  -4.5213122e+00  -2.1166024e+00
  -1.0399904e+00  -1.1204583e+00
  -3.5776950e+00  -1.5573029e-01
   5.7109031e+00   2.4591549e+00
   6.4585777e+00   1.4127146e+00
  -2.2695265e+00   1.3946707e+00
  -1.1802843e+00   1.2126939e+00
  -3.9584492e+00  -5.8991915e-01
   1.2218375e+00  -1.1025187e+00
  -4.6756362e+00  -2.2929403e+00
  -9.3001171e-01  -2.5227413e-01
  -3.8838487e+00  -9.3781192e-01
   5.2074620e+00   5.5513639e+00
  -3.7026472e-01  -1.5327840e+00
   3.7121715e-01  -1.5694083e+00
  -5.5018808e+00  -2.7352029e+00
  -1.1453042e+00  -4.6017531e-01
   6.5382982e-01   2.2644869e+00
   3.2738319e+00  -1.2957383e+00
  -2.2470040e+00   1.7538324e+00
  -1.0308273e+00  -8.4237159e-01
   4.4093364e+00  -1.1643142e+00
  -8.4058681e-01   1.5670856e+00
  -8.3248975e-01   1.8960280e+00
  -5.1512807e+00  -1.8711303e+00
   3.2634149e+00  -1.2333829e+00
  -5.9460393e-01   2.2615954e+00
   4.9644092e+00   5.9815071e+00
   1.5965731e-01   2.1015084e+00
  -4.6138729e+00  -1.6665601e+00
   1.3302207e+00  -1.2034641e+00
  -5.4570924e+00  -4.8061703e+00
   6.1719562e+00   2.6007619e+00
   5.6841115e+00   3.4417998e+00
   6.0144198e+00   2.4837773e+00
   4.5707533e-01  -2.1324827e+00
  -5.1933148e+00  -2.5970949e+00
   5.9727315e+00   3.2545991e+00
   5.9385720e+00   3.3074764e+00
   5.6576159e+00   5.1349791e+00
  -5.2611426e+00  -3.4075476e+00
  -5.6089502e+00  -4.2999353e+00
  -1.6005296e+00  -9.0352895e-01
  -1.8682960e+00   1.2859445e+00
   5.9601803e+00   3.4498404e+00
  -5.2671795e+00  -4.9766083e+00
  -1.5548284e+00   1.8774670e+00
  -2.9884505e-01   1.7100179e+00
   3.5073962e+00  -1.5428091e+00
  -3.8486594e+00  -7.5589418e-01
  -9.6915740e-01  -3.6492324e-01
  -5.5652941e+00  -4.1160115e+00
   4.7907970e+00   6.3890186e+00
  -2.1363237e+00   1.9766464e+00
  -3.5732878e-01   1.8607313e+00
   2.5172545e+00  -1.9202080e+00
   1.6428218e+00  -2.0325051e+00
  -4.0597311e+00  -1.3604710e+00
  -4.1811196e-01  -1.0814243e+00
   7.0374613e-01  -1.3150610e+00
  -2.5975782e+00   1.1306570e+00
  -5.3451770e+00  -3.8650805e+00
   5.0601582e+00   6.5388592e+00
   5.7727757e+00   2.6216706e-01
   4.2637607e-01   1.8974215e+00
  -2.5975322e+00   6.3209987e-01
  -4.0798085e+00   2.3187712e-01
   5.6709923e+00   2.2921733e+00
   5.9636187e+00   3.4926113e+00
  -4.9988230e+00  -3.7152086e+00
   7.2489959e-01   2.3800680e+00
   6.2287378e-01  -2.0390054e+00
   5.6434439e+00   7.0430582e-01
   3.7484040e+00  -1.3122711e+00
   5.5901449e+00   2.3946725e+00
  -1.6347878e+00   1.4134738e+00
  -4.6631640e+00  -1.9292540e+00
   5.2211255e+00   1.8382597e-01
   6.4192509e+00   3.0753346e+00
  -1.2768892e+00   2.0588010e+00
  -5.0155469e+00  -4.0698587e+00
  -5.7958382e-01  -1.5841369e+00
  -5.0361140e+00  -9.0567359e-01
   4.9264309e-01   1.7202206e+00
   3.9445872e+00  -1.0040276e+00
  -6.3089396e-02   1.6039773e+00
   1.0581978e+00  -1.0887297e+00
   7.4290172e-01  -1.5538217e+00
   3.5366064e+00  -7.3763176e-01
   4.8453866e+00   5.8181158e+00
  -5.9419009e+00  -4.5633417e+00
   6.5744258e+00   2.8754531e+00
   1.9445339e+00  -1.7391241e+00
  -4.8747486e+00  -2.3982623e+00
  -7.5842558e-01  -9.1644058e-01
   6.2021714e+00   2.1239918e+00
   5.6434138e-01   1.3022924e+00
   5.8999843e+00   5.0412613e+00
   3.0217590e+00  -9.1937807e-01
   1.0668517e+00  -2.0386964e+00
  -4.4045160e+00  -1.0094736e+00
  -1.2461975e+00  -7.7142038e-01
   5.5974937e+00   7.6160887e-01
  -4.5963801e+00  -5.0085106e+00
  -5.0323688e+00  -3.4233993e+00
  -5.3171783e+00  -5.3639153e+00
  -2.4209071e+00   7.2362212e-01
   5.5757580e+00   3.3761450e+00
   6.5633793e+00   3.4133587e+00
   6.5659061e+00   2.9385921e+00
   1.8299323e+00  -1.1440649e+00
   6.0551484e+00   3.5337913e+00
  -2.2916932e+00   1.4169724e+00
  -1.2434529e+00   1.1664756e+00
   1.0911881e+00  -2.1152213e+00
   4.9311222e+00   5.1155044e+00
  -5.8700264e-01  -1.7115032e+00
   9.2101108e-01  -1.9502867e+00
   6.0829912e+00   4.8546010e+00
  -5.0394557e+00  -4.8129630e+00
   4.8372619e+00  -9.9381099e-01
   5.7339091e+00   5.7947442e+00
  -3.5796194e+00   8.7884710e-01
   5.2024853e+00   3.5430594e-01
   5.4029971e-01   2.4036377e+00
   5.1323813e+00   7.3959178e-01
   3.0130625e+00  -1.0822391e+00
  -3.1907312e+00   4.5427462e-01
   4.9021673e+00   6.6247381e+00
   6.7147744e+00   2.9072764e+00
  -9.3768302e-01   1.5322258e+00
  -4.2146460e+00  -5.0503701e-01
   6.1983287e+00   1.1155746e+00
   5.2376226e+00   8.6175544e-01
  -2.5781782e+00   9.6459316e-01
   5.3183014e+00   5.9508347e-01
  -2.8280919e+00   8.3404639e-02
  -1.3340473e+00  -1.0911348e+00
   4.1142404e-02   2.3476475e+00
   2.7151993e+00  -1.1080862e+00
  -4.9663157e+00  -1.4911817e+00
   6.3516868e+00   1.1770041e+00
   4.2573312e+00  -1.0264879e+00
  -3.3015518e+00  -2.8564784e-01
  -2.2986013e+00   8.3865521e-01
  -5.7469097e+00  -5.3921841e+00
   5.6151607e+00   7.0298241e-01
   3.9742134e+00  -1.4730566e+00
   1.0114479e-01  -1.0043126e+00
   5.9707542e+00   1.0577301e+00
  -5.0086212e+00  -2.1247642e+00
   1.3101265e+00  -1.8593766e+00
   3.5737058e+00  -1.0994532e+00
   7.3213784e-01  -1.1082870e+00
   5.6889860e+00   3.7233445e+00
   4.6679614e+00   5.7677572e+00
   5.7012785e+00   4.4324007e+00
   2.9121063e+00  -1.6254986e+00
   3.1627839e+00  -1.8557358e+00
   1.7812546e-02  -1.9662235e+00
  -1.9397218e+00   9.0858174e-01
   5.6397392e+00   2.5445680e+00
   1.0994295e+00  -1.1757587e+00
  -5.4237673e+00  -5.3267672e+00
  -5.3192861e+00  -1.9417942e+00
   5.7080372e+00   4.5852965e+00
   1.6625634e+00  -1.5837899e+00
  -4.9455943e+00  -6.1176497e-01
  -4.6477316e+00  -9.2273199e-01
   6.4034718e+00   4.3025055e+00
  -3.6959597e+00   5.0329918e-01
  -4.3294417e+00  -1.5886414e+00
   6.6631780e+00   3.2454107e+00
  -4.9228889e-01   1.4925014e+00
  -9.4891552e-01   1.4607615e+00
  -5.5931479e-01   1.8013718e+00
   4.2700563e+00  -8.4006626e-01
  -4.8838171e+00  -4.7978693e+00
  -2.2347442e+00   1.4156115e+00
   6.1065818e+00   2.0512623e+00
  -4.3000255e+00  -1.2502997e+00
  -4.8777541e+00  -2.5253464e+00
   4.6639229e-02   2.2588423e+00
   1.2542942e+00   2.0644247e+00
   5.6341022e+00   3.1886326e+00
  -9.2349972e-01   1.6930024e+00
   4.4685736e-01  -2.1036209e+00
  -5.7521904e+00  -2.5864900e+00
   4.8363436e+00  -1.1796146e-02
   4.1082358e-01   1.6067855e+00
   6.0593740e+00   3.9455114e+00
  -9.5186779e-01  -1.4495649e+00
   2.1166770e+00  -1.0801879e+00
  -3.8244312e+00   2.7077929e-02
   5.5721062e-01   1.9784161e+00
  -5.2801536e+00  -3.4920406e+00
   5.3965663e+00  -3.3902116e-01
  -4.0963845e+00  -9.7119443e-01
   5.3807870e+00  -2.6446979e-01
   4.9037948e+00  -1.8640260e-01
   1.8137178e+00  -1.5133215e+00
   9.7009245e-01  -2.0602016e+00
   5.9677136e+00   1.9033069e+00
  -5.9610368e+00  -3.5909245e+00
   5.0992455e-01   1.8012424e+00
   4.6992472e+00  -4.4964159e-01
  -1.1102324e+00   1.6888098e+00
  -3.4781886e+00   2.9427544e-01
  -1.3348497e+00   1.1163976e+00
   5.4401251e+00   6.0912570e+00
   5.6308040e+00   6.0383050e+00
  -5.2909043e+00  -4.8508833e+00
  -2.9585930e+00   6.5210444e-01
   5.5695326e+00   1.6404059e+00
   3.0678172e-01  -1.4253516e+00
  -4.9922202e+00  -1.3888253e+00
  -2.9842770e-02   1.5364315e+00
  -2.5847701e+00   1.4073832e+00
  -4.8176647e+00  -2.7286559e+00
   5.6511200e+00   4.1410893e+00
  -2.7063082e-01   1.6468930e+00
   5.1809497e+00   1.1954646e+00
  -4.9056009e+00  -5.2521429e+00
   8.2753294e-01  -1.3128755e+00
  -2.2209503e+00   1.0397774e+00
  -5.5561229e+00  -3.2777695e+00
   5.7080937e+00   3.0103350e+00
   5.5089366e+00   4.7872043e+00
   6.6838663e+00   3.0687437e+00
   1.9671615e+00  -1.6650717e+00
   1.8969236e+00  -1.3373668e+00
  -3.7493842e+00   1.1804317e-01
  -1.6351814e+00  -1.1223551e+00
  -8.8950954e-01   1.5391834e+00
  -4.8578380e+00  -5.1785067e+00
  -4.5336213e+00  -1.3433017e+00
   2.4329201e+00  -1.1068823e+00
   5.4188054e+00   2.5746243e-01
  -5.4142571e+00  -3.2871256e+00
  -5.7625954e+00  -2.8675108e+00
   3.5814947e+00  -1.4848842e+00
  -5.3445695e+00  -3.8255609e+00
  -4.9388735e+00  -2.3398934e+00
  -9.6132233e-01   1.3047027e+00
  -6.0357541e+00  -3.8520580e+00
  -2.9899156e-01  -1.4810985e+00
   5.2640452e+00   4.9664243e+00
   5.8729073e+00   2.0806682e+00
  -6.0500955e+00  -3.4391074e+00
  -5.8151035e+00  -3.1385274e+00
  -2.6410419e+00   1.0019974e+00
  -5.4039513e+00  -5.2389970e+00
  -5.1665291e+00  -4.0685144e+00
   8.2870453e-01  -1.6487697e+00
  -3.1225270e+00   8.0415747e-01
  -2.8910010e+00   8.8760829e-01
  -4.1781768e+00  -8.2276495e-01
   6.3033102e+00   4.3060020e+00
   1.0920917e+00  -1.4951250e+00
  -4.8258155e-01  -9.9371755e-01
   4.8128822e+00   5.6812496e+00
  -3.3322613e+00   1.9093706e-02
   4.5876761e+00   5.7652829e+00
   4.8542148e+00   3.0737494e-01
   4.9521583e+00   6.8268686e+00
  -2.1918458e+00   1.4958219e+00
  -8.0907435e-01   1.3512122e+00
   5.0762376e+00  -3.0432628e-01
  -4.2337088e+00  -5.6281305e-01
  -7.6297050e-01   1.4868699e+00
   4.3180020e+00   5.7874891e+00
   4.7666891e+00   6.3849799e+00
   5.2706242e+00   5.5943095e-01
  -3.0809976e+00   2.8198319e-01
  -1.4662385e+00   1.1978707e+00
  -2.2673837e+00   1.0567734e+00
   5.9057502e+00   3.7950251e+00
   6.1120688e+00   2.9206762e+00
  -1.7837840e+00   1.9223078e+00
  -5.4803164e+00  -3.2483395e+00
   3.8580932e-02   2.0705385e+00
   5.4884106e+00   5.3758259e+00
  -4.9967438e+00  -3.5280998e+00
   6.0250460e+00   1.0185797e+00
  -5.1204588e+00  -5.2822381e+00
  -3.0658826e+00   1.2835037e+00
  -4.3918537e+00  -5.4180617e-01
   5.8817589e-02  -1.9420760e+00
  -4.0938347e+00  -3.9627136e-01
  -8.9905734e-02  -8.5324381e-01
  -3.3588951e+00   6.3421156e-01
   5.2415442e-01   1.4006507e+00
  -4.7211102e-01  -6.6728652e-01
   2.6830241e+00  -1.1391474e+00
   5.6186905e+00   2.5592813e+00
   4.4289426e+00  -6.8967918e-01
   2.1701101e+00  -2.0064734e+00
   2.9799907e+00  -8.4607699e-01
  -4.9442977e+00  -3.3361142e+00
  -5.6887602e+00  -4.6810253e+00
   4.1368803e+00  -4.9726048e-01
  -3.4368342e+00  -8.5967845e-02
  -4.6037791e+00  -5.8225402e-01
   6.6711450e-01   1.4285516e+00
  -9.0100600e-03  -1.2609839e+00
  -4.4837277e-02   1.9309293e+00
   6.4427257e+00   3.6828027e+00
  -1.7608526e+00   1.0472223e+00
  -4.9018186e+00  -5.0182814e+00
   5.8969251e+00   5.0567668e+00
   6.6523443e+00   2.4406073e+00
  -5.2416813e+00  -4.3729027e+00
  -5.5803837e+00  -5.3982227e+00
   1.4469968e+00  -1.1846362e+00
  -3.2907204e+00  -2.5998176e-01
   4.6354250e+00   5.8845800e+00
   3.3953763e+00  -8.9400134e-01
  -4.9919095e+00  -7.8680006e-01
   5.7999756e+00  -4.2154499e-02
   5.5413843e+00   3.8783948e+00
  -5.2777346e+00  -4.9535143e+00
  -5.9135818e+00  -4.7630816e+00
   3.1422224e+00  -1.1185202e+00
  -3.2358565e+00  -7.1066707e-02
   5.4787470e+00   4.3082373e+00
   3.6675804e-02   1.3899888e+00
   5.6923701e+00   2.4479371e+00
   5.1470576e+00   5.4391434e+00
   4.6724488e+00   5.6300901e+00
   4.5656556e+00  -7.4130764e-01
   6.2194566e+00   3.3040017e+00
   4.4038385e+00  -5.6811687e-01
  -1.4400059e+00   1.3892849e+00
  -5.8189982e+00  -2.5248026e+00
   1.3007614e+00   2.0583107e+00
  -4.9584358e+00  -4.4041901e+00
   7.0736109e-01  -1.8347771e+00
   8.5289154e-01   1.8068664e+00
  -3.7780124e+00  -9.0227991e-01
   5.8618633e-01   1.3087752e+00
   6.2986434e+00   1.5422814e+00
  -1.1542328e+00  -1.3860378e+00
   6.1487893e+00   3.1090104e+00
  -5.3906668e+00  -3.8878884e+00
   4.4638414e-01  -1.9601928e+00
   5.2100033e+00   6.0597994e+00
   4.1979401e-01  -2.1507917e+00
  -5.3761865e+00  -3.1508350e+00
   6.6600838e+00   3.2775040e+00
   6.2416602e+00   1.2330977e+00
   5.9716842e+00   1.8290842e+00
  -3.7343708e-01  -7.5658643e-01
   3.3127883e-01   2.4185728e+00
   1.2066078e+00  -1.8368693e+00
  -5.3953377e+00  -3.7686787e+00
   3.4415828e+00  -8.9750037e-01
   4.9649452e+00   5.0019692e+00
  -1.5045420e-01   1.6749454e+00
  -8.2095610e-01  -1.2521428e+00
  -2.0811031e+00   1.9363961e+00
  -6.6254455e-01   1.7490640e+00
  -3.4453224e-01   1.8315616e+00
  -5.1451734e+00  -3.5087086e+00
  -5.1686581e+00  -3.4933753e+00
   2.1158753e-01   1.7353713e+00
   3.5491599e+00  -6.2765560e-01
   5.7393627e+00   5.6831016e+00
  -4.6267817e+00  -5.0537743e+00
   1.7094625e+00  -1.7157897e+00
   1.0704589e-01  -2.0038990e+00
   5.8286807e+00   3.6953386e+00
  -5.5949708e+00  -4.9367622e+00
  -3.4275564e+00   8.5892948e-02
  -1.1769535e+00   1.7380985e+00
  -5.8770654e+00  -4.4999591e+00
   4.8936828e+00  -1.0354550e+00
  -5.6565172e+00  -3.1186161e+00
   6.0108276e-02  -1.1539205e+00
  -4.1404438e+00  -5.0586655e-01
  -2.9700557e+00   1.4271260e+00
  -7.2886864e-01  -1.1797744e+00
  -5.2481823e+00  -4.9213526e+00
   2.9268329e-01   2.3463028e+00
   2.3599171e+00  -1.7381108e+00
  -5.0185712e+00  -4.3381591e+00
  -4.9118926e+00  -3.1625297e+00
  -7.3961347e-01   2.1550699e+00
  -3.2346041e+00   1.9611276e-01
   7.6186284e-01   1.6494919e+00
  -3.4842274e+00  -5.6874233e-01
  -5.1149453e+00  -4.0313562e+00
   3.9810696e+00  -8.4860541e-01
  -2.7624005e+00   1.3129563e+00
  -2.9996212e+00   1.0182950e+00
   5.8504664e-01   1.8316541e+00
  -4.3134591e-01   1.9298991e+00
   7.8904878e-01  -1.8032278e+00
  -5.4303725e+00  -4.9688947e+00
  -9.1721044e-01  -6.0641455e-01
  -1.0368048e+00  -8.7638683e-01
   2.3557276e+00  -2.1843625e+00
   9.4279123e-01  -1.2674137e+00
   6.1603966e+00   2.7323411e+00
   5.8507316e+00   5.1359518e+00
   6.5722622e+00   2.9544380e+00
   6.4397414e+00   3.4162228e+00
   7.2875081e-01  -1.8002054e+00
  -5.5834316e+00  -2.3707821e+00
  -5.1909414e+00  -3.2862344e+00
   4.1634149e+00  -4.6576000e-01
   4.0345112e-01  -1.9374944e+00
   4.9721305e+00   5.5488238e+00
   8.7244596e-02  -1.6952251e+00
   6.0687246e+00   2.2626066e+00
  -5.0081737e+00  -4.5343694e+00
  -5.2991311e+00  -2.5121283e+00
   5.0880137e-01  -1.6194473e+00
  -5.0584722e+00  -4.2063010e+00
  -3.7442950e+00  -2.0726920e-01
   4.7847287e+00  -9.8084723e-01
  -4.8955998e+00  -6.5941407e-01
   2.2953789e+00  -1.0732877e+00
   2.0489931e+00  -1.2586374e+00
   5.8999084e+00   4.4747386e+00
   2.8301154e+00  -1.9554559e+00
   3.5797008e+00  -1.4097675e+00
   4.0715190e+00  -4.9930047e-01
   2.5767471e+00  -2.1344761e+00
   5.7708129e+00   1.5136010e-01
  -3.9187046e+00   4.4938689e-01
  -5.1136298e+00  -1.7085855e+00
   4.7664853e+00  -5.6453013e-01
   5.2895057e+00   4.8590423e+00
  -2.1024208e-01   2.2109254e+00
   6.2034543e+00   3.2878737e+00
  -5.0926967e+00  -4.2650538e+00
   5.6769013e+00  -1.3323235e-01
   4.7331048e+00  -6.6557504e-02
  -5.5605259e+00  -2.9574326e+00
   1.2716978e+00  -2.0078656e+00
   5.3727108e+00   6.7591357e-01
   1.8590398e+00  -1.3694273e+00
  -3.0776574e-01  -1.5408103e+00
   6.2440731e+00   1.6531765e+00
  -4.9954087e+00  -1.0633078e+00
  -5.2015121e+00  -5.7689850e+00
   5.8001113e+00   3.5935989e+00
  -5.2508824e+00  -4.0449231e+00
  -2.4152468e-01   1.8323624e+00
   5.5922978e+00  -5.1540025e-02
   2.7478295e+00  -9.4804856e-01
   7.8762908e-01  -1.6310777e+00
   2.8413902e+00  -1.5946322e+00
  -4.9256683e+00  -1.2431675e+00
   5.3455829e+00   1.6496617e-01
   4.6067198e+00   5.9321774e+00
  -2.8786895e+00   1.4150042e+00
  -2.3205492e+00   6.7858538e-01
  -9.7922691e-01   1.3143445e+00
   1.5762986e+00  -1.3206222e+00
   5.2397917e+00  -1.3833285e-02
   5.4926548e+00   5.8345330e+00
  -5.7206439e+00  -3.7923035e+00
   4.7863685e+00   6.7074946e+00
   6.2871887e+00   1.5294256e+00
  -1.6026029e+00   1.5616107e+00
  -9.4317138e-01  -1.1071672e+00
  -6.6307203e-01   2.2576843e+00
   5.9052904e+00   4.5860340e+00
   6.6373267e+00   3.2919097e+00
  -5.6898123e+00  -3.7067539e+00
  -5.2837799e+00  -1.8784793e+00
  -9.0334372e-01  -1.5910763e+00
  -5.7031498e+00  -5.0295805e+00
   5.1419855e+00  -5.9831193e-01
  -4.6253220e+00  -4.9839844e+00
  -5.8825411e+00  -3.0510524e+00
  -3.5955141e+00  -4.3490441e-01
  -5.0119930e+00  -1.7693798e+00
   6.2979587e+00   2.7572604e+00
   4.0326006e-01  -2.0070045e+00
  -5.3919128e+00  -3.5417643e+00
   5.8143759e+00   4.1467262e+00
   6.0226156e+00   1.1506411e+00
   2.3805481e+00  -1.7695500e+00
  -4.9179162e+00  -5.0040351e+00
   5.3985355e+00  -2.9953641e-01
   4.9756315e+00  -3.1420260e-03
   2.3489661e+00  -1.7618407e+00
  -4.9787369e+00  -4.5834711e+00
  -5.9852868e+00  -4.0097976e+00
   1.2731170e+00  -1.4935214e+00
   2.7709348e+00  -1.1109147e+00
  -2.1383611e+00   1.6372748e+00
   4.7116040e+00   3.0481522e-01
  -2.0277269e+00   1.1113067e+00
  -5.0645397e+00  -4.6852240e+00
   5.0218423e+00  -2.3504086e-01
   4.7385320e+00   5.8699239e+00
  -1.1642642e+00   2.2709632e+00
   5.6220658e+00   1.5674819e+00
  -5.8589855e+00  -4.7234466e+00
  -5.1012868e+00  -4.0872487e+00
   5.7777879e+00   2.0710984e+00
   4.8040204e-02   2.0095282e+00
   2.3754440e-01   2.0432322e+00
  -4.0694884e+00  -8.4529306e-01
  -5.0416683e+00  -3.6640009e+00
  -4.7968688e-01   1.4703762e+00
  -4.9813531e+00  -2.6734151e+00
   5.6367575e+00   2.4799871e+00
  -4.8480814e+00  -4.8927172e+00
   8.6075068e-01   1.7588211e+00
  -1.6972317e+00   1.3184842e+00
   5.7420289e+00   1.1838595e+00
  -3.6079729e+00   1.5909886e-01
  -2.6194804e+00   1.2770742e+00
  -3.4078478e+00   3.6640773e-01
   4.8554770e+00   5.8085537e+00
  -4.2419048e+00  -1.2216566e+00
   3.3597908e-01   1.3881431e+00
  -5.5445539e+00  -5.5345646e+00
   1.1505707e+00  -2.1679088e+00
   6.3957597e+00   3.4269871e+00
  -3.4018260e-01  -1.6584972e+00
  -4.8340238e-01  -5.8433023e-01
  -4.8847866e+00  -2.7565678e+00
  -2.8741603e+00   5.9327019e-01
  -8.4270192e-01  -3.8943203e-01
  -5.4116693e+00  -2.4734653e+00
   5.8347416e+00   7.3871190e-01
  -5.2626842e+00  -4.0023948e+00
  -5.0522660e+00  -1.7134896e+00
   5.5551087e+00   6.0815575e+00
   6.1418984e+00   3.4139537e+00
  -3.3982976e+00   5.4058664e-01
  -5.0782259e+00  -4.4907483e+00
   6.1457802e+00   1.2996232e+00
   4.7635935e+00  -7.6138236e-02
  -4.2626999e+00  -8.8367943e-01
  -5.1193417e+00  -4.5862774e+00
   2.7584226e-01  -2.1226920e+00
  -9.4930170e-01  -8.2350388e-01
   5.4144790e+00   4.7871153e+00
   5.8141605e+00   5.8107868e+00
   6.2447099e+00   2.0865235e+00
  -4.8214621e+00  -2.6534194e+00
   6.2397120e+00   4.3354374e+00
   6.0034313e+00   2.3359157e-01
  -5.6724315e+00  -5.2596256e+00
  -5.1499804e+00  -5.2426139e+00
   5.1379929e+00   6.1587356e+00
   1.9664491e+00  -1.1017000e+00
   2.4864895e+00  -1.1093592e+00
   3.0021687e+00  -1.1707752e+00
   8.5046500e-01   1.6197844e+00
   1.9450009e+00  -1.2778703e+00
  -3.5262656e-01  -1.3809135e+00
   3.1239186e+00  -1.5561530e+00
  -9.6490409e-01  -2.1519512e-01
  -1.9009742e-01   1.6574696e+00
   4.4199722e+00  -3.9322701e-01
  -5.0722125e+00  -5.0333262e+00
  -1.2931776e+00  -7.6094187e-01
   2.0597378e+00  -1.7155262e+00
  -3.1292232e+00   6.3402565e-01
  -4.8463275e+00  -2.3198716e+00
   3.5564009e+00  -1.3952863e+00
   6.4642493e+00   1.3432479e+00
   6.5357978e+00   2.6873508e+00
  -1.3152884e+00   1.7860326e+00
  -2.6868932e+00   1.9902254e-01
  -4.8857414e+00  -2.2147025e+00
   5.6471712e+00   5.1628142e+00
   5.9985727e+00   4.4005531e+00
  -1.6555176e+00   2.0259212e+00
   5.7285237e+00   2.2433642e+00
  -2.9214725e+00   1.3994360e+00
  -4.3616886e-01   1.9588949e+00
  -6.0111138e-01  -8.1276901e-01
  -5.0939833e+00  -2.4011793e+00
   5.9541112e+00   4.7499228e+00
   5.7474854e+00   4.5706277e+00
   3.0586739e+00  -1.7899259e+00
   1.8160960e+00  -2.0780519e+00
   5.9081895e+00   2.8100529e+00
  -4.4499086e+00  -6.6350117e-01
  -3.1196155e+00   8.5301224e-01
   2.1768447e-01   2.0432218e+00
   4.8881635e+00   5.8747902e+00
  -2.6777596e-01   2.4018937e+00
  -3.1661663e+00   8.9847880e-01
   3.9029212e+00  -7.0328011e-01
   5.5888028e-01   2.1420177e+00
   5.7734434e+00   2.4927956e+00
   1.3638282e+00  -1.3212701e+00
   6.3895487e+00   3.0437869e+00
  -4.9337208e+00  -1.4276809e+00
   2.8774131e+00  -1.2715768e+00
  -1.3382420e+00   1.7836645e+00
   4.2692642e+00  -1.4408070e+00
  -8.8795888e-01   2.1364694e+00
  -5.9764406e-03   1.8763407e+00
  -3.4330738e+00   3.0257005e-02
   4.8953508e-01  -1.2258324e+00
   7.6454961e-01  -1.2128366e+00
   2.5144883e+00  -1.1150641e+00
  -3.2162764e+00   3.4981064e-01
  -4.8387852e+00  -4.7096551e+00
   4.8640832e+00   5.6713352e+00
  -4.2368245e+00  -3.2218308e-01
   1.1728997e+00  -1.0835801e+00
   5.6048510e+00   4.2534892e+00
   3.4115434e+00  -1.3615725e+00
   2.4941262e+00  -1.9632791e+00
   5.9665026e+00   2.5442117e+00
  -4.9416591e+00  -4.7558367e+00
   5.4539304e+00   4.7459258e+00
   5.4349268e+00   1.8154501e+00
  -4.0330323e-01  -8.7071306e-01
   3.0838979e-01  -1.7483065e+00
   5.3843117e+00   7.9642739e-01
  -5.5803864e+00  -2.5210043e+00
  -2.4157375e+00   1.5152471e+00
   6.2990569e+00   3.0111906e+00
  -4.8256926e+00  -2.3116518e+00
  -3.5606419e+00  -1.9179550e-01
  -4.4305060e+00   1.1114748e-02
  -2.4006982e-01   2.3723298e+00
  -1.2977166e+00   2.1771577e+00
   4.9366706e+00   7.0949824e-01
  -5.2447611e+00  -4.4020984e+00
   5.9131292e+00   4.1642084e-01
   5.6109768e+00   4.7735323e+00
   3.0072774e+00  -9.9076451e-01
   4.7022145e+00  -6.4884428e-01
   1.1106414e+00  -1.4497117e+00
  -5.7933785e-01   1.4248792e+00
   6.1631253e+00   8.9191204e-01
   6.3216648e+00   4.4762303e+00
   4.3958728e+00   5.9445124e+00
   7.9956209e-02  -1.5717466e+00
   3.6055743e+00  -1.1309107e+00
  -5.2162450e+00  -4.8877564e+00
   7.8966565e-02  -1.5277844e+00
  -5.5060201e-01   1.4474214e+00
   6.5334340e-01   1.7664771e+00
  -4.9173655e+00  -5.0429807e+00
  -1.4535726e+00  -1.2019400e+00
  -3.2685587e-01  -1.1837707e+00
   4.9174424e-01  -9.6423454e-01
  -5.4365134e+00  -2.6635590e+00
  -5.1586577e+00  -2.3409805e+00
   1.2349353e-01   1.6315047e+00
  -5.0359257e+00  -2.0791137e+00
   1.5354366e+00  -1.6549641e+00
   2.0719031e+00  -1.5680805e+00
  -1.5353519e+00   1.9175952e+00
  -3.2534453e+00   7.1005024e-02
   1.3322012e-01   1.8516422e+00
   5.4720382e+00   4.9704503e+00
  -9.0475358e-01  -4.0867198e-01
   2.5063247e+00  -1.5056883e+00
  -4.5215523e-01   1.9828191e+00
   3.6122051e+00  -1.0818531e+00
  -6.0317250e+00  -3.9736909e+00
   6.5263051e+00   2.7817589e+00
   9.1089587e-01  -2.1528495e+00
   5.2019776e-01  -1.0549172e+00
  -5.1556220e+00  -3.2520222e+00
  -1.5458728e+00   1.5757548e+00
   5.8344131e+00   5.2487019e+00
   4.5512360e+00   6.3421081e+00
  -2.9021121e+00   3.4620700e-01
   1.5497581e+00  -1.2939794e+00
   5.5889075e+00   5.3686742e+00
  -7.8116360e-01  -8.7320378e-01
  -4.8895126e+00  -2.7348135e+00
  -3.9669436e-02   1.3688957e+00
  -7.0361847e-01   2.0571166e+00
   5.9259978e+00   1.0439873e+00
  -3.3093015e+00   1.0077781e+00
  -5.1891462e+00  -1.8893447e+00
   1.8402619e+00  -2.2274596e+00
   4.9787933e+00  -1.7666642e-01
  -4.6685267e+00  -1.1721483e+00
   2.3150132e+00  -1.3242272e+00
   1.2085557e-01   2.1060187e+00
   5.2794702e+00   5.6576358e+00
  -3.9127871e+00  -6.9210490e-01
   1.4689735e-01   1.4304215e+00
   2.7420864e+00  -2.1316733e+00
   2.0679301e+00  -2.2326490e+00
  -3.7829441e+00  -9.3306288e-02
   5.2701841e+00   5.2549608e+00
  -2.3473543e+00   5.1311554e-01
   4.6171366e+00  -5.7503396e-01
  -2.2206029e+00   1.4561071e+00
   3.3033469e+00  -1.9663437e+00
  -4.4395748e+00  -8.0799446e-01
   2.9381389e-01   1.9004089e+00
   5.6667794e+00   4.0196716e+00
  -3.6044035e+00   8.8548281e-01
   4.5129040e+00   5.8576456e+00
   3.1067046e-01  -1.5162344e+00
   1.5038001e+00  -1.9721160e+00
   2.8165979e+00  -2.0947977e+00
  -1.1261682e+00  -5.9101980e-01
   4.4211484e+00   5.0250960e-02
  -4.0301617e+00  -1.2496473e+00
  -2.7712760e-01  -1.7099490e+00
  -1.7902732e+00   9.4369627e-01
  -6.4897766e-02  -1.2122052e+00
  -6.0699399e+00  -3.2046193e+00
   5.4285482e+00   4.2627624e+00
   4.4643972e-01  -1.0804974e+00
  -5.2445737e+00  -3.7413039e+00
   4.4386922e-01   1.6985069e+00
  -5.8310569e+00  -5.3265682e+00
   4.8990988e+00   6.8151151e+00
  -5.5210275e+00  -4.3668346e+00
   5.1454034e+00   5.0665680e+00
   3.0368116e+00  -1.3521310e+00
   5.5659014e+00   3.1584236e+00
   5.3362288e+00   4.5750228e+00
   6.0369461e+00   4.8013559e+00
   4.4199084e+00  -1.0722403e+00
   3.6468011e+00  -1.7014273e+00
  -5.1007523e+00  -1.8709563e+00
   3.7615349e+00  -5.8169072e-01
   5.6054009e+00   3.9756156e+00
   4.8756636e+00  -9.8940504e-01
   6.4671155e+00   4.4730005e+00
   4.2214647e+00   6.0831710e+00
   5.9783472e+00   5.0453475e+00
   4.7272792e+00   3.0863034e-01
   3.0318989e+00  -1.3812297e+00
   7.1364824e-01  -1.1341148e+00
  -3.6961473e+00   6.4711744e-01
   9.0074969e-01   1.9868704e+00
  -2.2928585e+00   1.3042876e+00
  -4.8773859e+00  -3.0439161e+00
  -5.5946496e+00  -4.9814483e+00
   5.7826370e+00   2.1390515e+00
  -2.8372495e+00   6.8703158e-01
  -5.2967212e+00  -5.1278473e+00
  -5.0068521e+00  -3.5391357e+00
   4.5264766e+00  -9.1638053e-02
   5.8767947e+00   1.5740151e+00
   8.5001417e-01   2.2294132e+00
  -5.6232946e+00  -3.6709505e+00
   5.8900834e+00   5.4599405e+00
  -5.3187328e+00  -5.5800304e+00
   1.8840989e+00  -1.5223291e+00
   4.8820856e+00  -3.2491720e-01
  -5.5792868e+00  -4.6555216e+00
  -3.1438628e+00   6.2213064e-02
   5.3856708e+00   3.5023308e-01
   6.2943656e+00   3.7665609e+00
   6.2164691e+00   2.1065187e+00
  -2.4498704e+00   1.0631639e+00
   5.0579970e+00   5.1995477e-01
   1.4016654e+00  -1.3802482e+00
  -3.6542957e+00   1.0322185e-01
   5.5403135e+00   5.0548946e+00
   4.5503541e+00   6.3851190e+00
  -3.3686275e+00   4.0883201e-01
  -5.6666063e-01   2.2142184e+00
   4.4129142e+00   6.2896211e+00
   6.0004728e+00   3.5546634e+00
  -1.4443495e+00   1.9938908e+00
  -3.4089901e+00   8.5706838e-02
  -1.1388266e+00  -4.0925385e-01
   4.7020639e+00  -7.6305863e-01
   5.1339086e+00   2.1329466e-01
   6.3893546e+00   3.8311934e+00
   3.7347502e+00  -1.2542279e+00
   5.2915060e-01   2.3296114e+00
  -5.6536574e+00  -2.2903068e+00
   5.1295772e+00   1.6342521e-01
  -4.6836874e+00  -1.9360944e+00
  -4.9158011e+00  -1.8130714e+00
   5.8518277e-02  -1.4075076e+00
   9.2805787e-02  -1.8851487e+00
   2.2011442e+00  -1.8885476e+00
   2.6053563e+00  -1.0528163e+00
   3.8584145e+00  -1.0279278e+00
   3.6230586e+00  -7.0498221e-01
  -7.8272465e-01  -4.3755566e-01
   1.2544680e+00  -1.3622037e+00
  -5.2171175e+00  -4.2698260e+00
  -4.7545157e+00  -7.5915444e-01
   5.7460649e+00   6.9999918e-01
   4.4013575e+00  -5.7481614e-02
   5.9419113e+00   1.3083586e+00
  -4.8156254e-01  -1.1455368e+00
   5.1601156e+00   5.0139831e+00
   6.4863939e+00   3.7376381e+00
  -9.9280760e-01   2.0487815e+00
  -3.4583967e+00  -5.0661362e-01
  -1.0157420e+00   2.0204669e+00
  -5.2969255e+00  -1.5260911e+00
   5.1631112e+00   5.2352071e+00
  -1.6516001e+00   1.3210259e+00
   5.4297831e+00   4.0796488e-01
  -4.4443912e-01   1.7025639e+00
  -5.4655342e+00  -1.5330298e+00
   5.8003907e+00   9.3735761e-01
  -5.6190471e+00  -5.0203791e+00
  -5.1611620e+00  -2.3786669e+00
   2.7309051e+00  -1.4138611e+00
  -4.4458409e+00  -9.9942256e-02
   5.0108588e+00   6.2059261e+00
   5.7299328e+00   6.7483033e-01
  -1.7727588e+00   1.2887707e+00
  -3.0967054e+00   1.0381429e+00
   5.8249801e+00   7.6046905e-01
  -1.8716047e+00   1.0753089e+00
   5.4242656e+00   6.2236043e+00
  -1.7136110e-02   2.1868096e+00
   5.5311461e+00   5.6698982e-01
   5.7046467e+00   9.3378933e-01
   4.6626362e+00  -1.0060698e+00
  -4.7677397e+00  -5.1966779e+00
  -4.5001639e+00  -1.8264245e+00
   4.8380932e+00   6.5767251e+00
  -5.8666713e+00  -3.5637359e+00
  -4.0712725e+00  -2.0701757e-01
   6.3946258e+00   2.3096924e+00
  -1.6451941e+00   2.0442238e+00
  -3.3442219e+00   1.5784482e-01
   1.9038341e+00  -1.5952894e+00
  -3.0976177e+00   3.4989600e-01
   5.3224182e+00   5.7623616e-01
   4.5236634e+00  -2.2335978e-01
   4.6430824e-01   1.1886784e+00
   4.6945400e+00   5.5633200e+00
   3.5651969e+00  -1.3101073e+00
  -1.1485638e+00   1.3426514e+00
   1.0710190e-01  -1.7334504e+00
   5.8921385e+00   4.9198856e+00
  -4.7404142e+00  -5.0226143e+00
  -5.6939797e+00  -5.4148517e+00
   6.1894962e+00   1.9144732e+00
   3.7918090e+00  -1.0268438e+00
  -5.9330702e+00  -2.6847964e+00
   4.9930880e+00   5.1406718e+00
   6.2778647e+00   3.7328479e+00
  -6.0742282e-01   2.3529008e+00
   1.4882149e+00  -1.9931437e+00
   6.2826965e+00   2.2172802e+00
   5.3437464e+00   9.2602497e-01
   1.3098355e+00  -2.1832958e+00
   1.3804206e+00  -1.5860410e+00
  -5.1456694e+00  -2.0672525e+00
  -3.1157094e+00   1.0985369e+00
  -5.9526618e+00  -4.3790934e+00
   5.6986889e+00   1.3816757e+00
  -5.6289828e+00  -5.1671694e+00
  -3.6176239e+00  -7.0518886e-01
   5.5188605e+00   4.2665248e+00
   6.2711746e+00   4.1047640e+00
  -4.6225521e+00  -5.0688735e+00
   5.6546118e+00   4.8250795e+00
   3.9824027e+00  -7.4931148e-01
   3.6780996e-01   2.2614237e+00
  -4.5172443e-01   1.7629394e+00
   6.1116044e+00   4.6494609e+00
  -5.3796581e+00  -2.5287974e+00
   3.4826051e-01   1.7962743e+00
  -4.5407591e+00  -3.0596824e-01
   4.6019427e+00  -1.1605197e+00
  -5.5436322e+00  -4.4387041e+00
   3.7074558e+00  -8.2455299e-01
   2.9356313e+00  -1.6009119e+00
  -5.2970266e+00  -5.2862927e+00
   6.7097786e+00   2.3863290e+00
  -5.0440529e+00  -2.4571213e+00
  -5.7700942e+00  -5.1948168e+00
   9.4594672e-01   1.7585196e+00
